# %ECSV 1.0
# ---
# datatype:
# - {name: time, datatype: float64}
# - {name: wavelength, datatype: float64}
# - {name: bin_width, datatype: float64}
# - {name: lcdata, datatype: float64}
# - {name: lcerr, datatype: float64}
# - {name: transit, datatype: float64}
# - {name: polynom, datatype: float64}
# - {name: model, datatype: float64}
# - {name: residuals, datatype: float64}
# schema: astropy-2.0
time wavelength bin_width lcdata lcerr transit polynom model residuals
60129.76059331822 4.5 0.5 1.0078430255563875 0.000296494619326027 1.0 1.0076917599341957 1.0076917599341957 0.0001512656221918096
60129.761076700204 4.5 0.5 1.008147473872345 0.0002964720410301416 1.0 1.0076914556472272 1.0076914556472272 0.00045601822511787127
60129.76156008219 4.5 0.5 1.0078243739583732 0.0002963925685826891 1.0 1.0076911513602587 1.0076911513602587 0.0001332225981145463
60129.76204346417 4.5 0.5 1.0079724352732713 0.00029648628269195084 1.0 1.0076908470732902 1.0076908470732902 0.00028158819998114204
60129.76252684616 4.5 0.5 1.0079573177408487 0.00029653403872672917 1.0 1.0076905427863172 1.0076905427863172 0.00026677495453153455
60129.76301022813 4.5 0.5 1.008093533182898 0.0002965086910568282 1.0 1.007690238499358 1.007690238499358 0.00040329468353994535
60129.763493610124 4.5 0.5 1.008416625829563 0.00029654953641216177 1.0 1.0076899342123848 1.0076899342123848 0.000726691617178199
60129.76397699211 4.5 0.5 1.007237319539464 0.00029634148045534195 1.0 1.0076896299254163 1.0076896299254163 -0.0004523103859523925
60129.764460374085 4.5 0.5 1.007498163364448 0.00029638650420692577 1.0 1.0076893256384525 1.0076893256384525 -0.00019116227400450825
60129.764943756076 4.5 0.5 1.0081904212220976 0.00029648965839949686 1.0 1.0076890213514795 1.0076890213514795 0.0005013998706180356
60129.76542713806 4.5 0.5 1.0073563254505475 0.00029645973631153404 1.0 1.007688717064511 1.007688717064511 -0.0003323916139634786
60129.765910520044 4.5 0.5 1.0077242696008128 0.000296476049808164 1.0 1.0076884127775427 1.0076884127775427 3.585682327011952e-05
60129.76639390203 4.5 0.5 1.0079104308037556 0.00029649124334789903 1.0 1.0076881084905742 1.0076881084905742 0.00022232231318142226
60129.76687728401 4.5 0.5 1.0079000109497693 0.00029643741618247334 1.0 1.0076878042036057 1.0076878042036057 0.00021220674616362345
60129.767360665996 4.5 0.5 1.007455244599885 0.00029638996652841946 1.0 1.0076874999166372 1.0076874999166372 -0.00023225531675219457
60129.76784404798 4.5 0.5 1.0076857349953754 0.00029643761254325444 1.0 1.007687195629669 1.007687195629669 -1.4606342935152838e-06
60129.76832742996 4.5 0.5 1.0075629816360292 0.0002964662355770816 1.0 1.0076868913427004 1.0076868913427004 -0.00012390970667119916
60129.76881081195 4.5 0.5 1.007791397258204 0.00029645240938384686 1.0 1.0076865870557319 1.0076865870557319 0.00010481020247210537
60129.76929419393 4.5 0.5 1.008264104275289 0.00029656347086721974 1.0 1.0076862827687634 1.0076862827687634 0.0005778215065255221
60129.769777575915 4.5 0.5 1.007871687565421 0.00029643105903933705 1.0 1.007685978481795 1.007685978481795 0.00018570908362591787
60129.7702609579 4.5 0.5 1.0083308003491247 0.0002965707773914231 1.0 1.0076856741948266 1.0076856741948266 0.0006451261542981257
60129.77074433989 4.5 0.5 1.007726758660397 0.0002964520716268876 1.0 1.0076853699078534 1.0076853699078534 4.138875254366958e-05
60129.77122772187 4.5 0.5 1.007861040962877 0.00029648764111137016 1.0 1.0076850656208896 1.0076850656208896 0.00017597534198743325
60129.77171110385 4.5 0.5 1.00782170446474 0.00029642088978910214 1.0 1.0076847613339213 1.0076847613339213 0.0001369431308186897
60129.77219448584 4.5 0.5 1.0071877483298486 0.00029641889291469504 1.0 1.007684457046948 1.007684457046948 -0.0004967087170995033
60129.77267786782 4.5 0.5 1.0076747060438835 0.0002964222704229869 1.0 1.0076841527599842 1.0076841527599842 -9.446716100702801e-06
60129.7731612498 4.5 0.5 1.0074802313436444 0.0002963919715045676 1.0 1.0076838484730157 1.0076838484730157 -0.00020361712937133625
60129.77364463179 4.5 0.5 1.0074823312603478 0.0002964017779463724 1.0 1.0076835441860474 1.0076835441860474 -0.00020121292569963423
60129.77412801377 4.5 0.5 1.0079569208996202 0.00029649074594812293 1.0 1.007683239899079 1.007683239899079 0.0002736810005412593
60129.774611395755 4.5 0.5 1.0077991512752946 0.00029641864890166857 1.0 1.0076829356121104 1.0076829356121104 0.00011621566318420484
60129.77509477774 4.5 0.5 1.0078484615189407 0.00029652922890773377 1.0 1.007682631325142 1.007682631325142 0.00016583019379878827
60129.77557815972 4.5 0.5 1.0078618489262576 0.00029642153426911793 1.0 1.0076823270381736 1.0076823270381736 0.00017952188808401104
60129.77606154171 4.5 0.5 1.0075477409470563 0.00029647714044109654 1.0 1.007682022751205 1.007682022751205 -0.00013428180414876145
60129.77654492369 4.5 0.5 1.007288107181657 0.0002963916180161057 1.0 1.0076817184642366 1.0076817184642366 -0.00039361128257953126
60129.777028305674 4.5 0.5 1.0074908065180055 0.0002963565826653326 1.0 1.007681414177268 1.007681414177268 -0.00019060765926259826
60129.777511687666 4.5 0.5 1.008048970714162 0.0002964998940774865 1.0 1.0076811098902951 1.0076811098902951 0.00036786082386686125
60129.77799506964 4.5 0.5 1.0076309997473731 0.0002964643301924397 1.0 1.0076808056033313 1.0076808056033313 -4.980585595815157e-05
60129.778478451626 4.5 0.5 1.0074260182658166 0.000296373221412379 1.0 1.0076805013163628 1.0076805013163628 -0.0002544830505462059
60129.77896183362 4.5 0.5 1.0078155146372882 0.0002963937265097214 1.0 1.0076801970293898 1.0076801970293898 0.00013531760789842195
60129.779445215594 4.5 0.5 1.008165223294998 0.00029643977548912003 1.0 1.007679892742426 1.007679892742426 0.0004853305525720497
60129.77992859758 4.5 0.5 1.008289188086821 0.00029653917845881133 1.0 1.0076795884554575 1.0076795884554575 0.0006095996313635332
60129.78041197957 4.5 0.5 1.0077511280345475 0.00029649790756416683 1.0 1.0076792841684845 1.0076792841684845 7.184386606295945e-05
60129.78089536155 4.5 0.5 1.0077715456773113 0.0002965428281165672 1.0 1.007678979881516 1.007678979881516 9.256579579530744e-05
60129.78137874353 4.5 0.5 1.0081385073515035 0.000296507362776752 1.0 1.0076786755945522 1.0076786755945522 0.0004598317569513011
60129.78186212552 4.5 0.5 1.0072530000519286 0.0002963957807878719 1.0 1.007678371307579 1.007678371307579 -0.00042537125565034195
60129.782345507505 4.5 0.5 1.007515144428195 0.0002964136518008104 1.0 1.0076780670206107 1.0076780670206107 -0.00016292259241579288
60129.78282888948 4.5 0.5 1.0069188525612782 0.0002963234083135104 1.0 1.0076777627336468 1.0076777627336468 -0.0007589101723686209
60129.78331227147 4.5 0.5 1.0072011439079136 0.00029635848272125835 1.0 1.0076774584466737 1.0076774584466737 -0.0004763145387600698
60129.78379565346 4.5 0.5 1.0074330318952822 0.00029645922913700045 1.0 1.0076771541597052 1.0076771541597052 -0.00024412226442294127
60129.78427903544 4.5 0.5 1.0073684720880445 0.00029642308494055674 1.0 1.0076768498727369 1.0076768498727369 -0.00030837778469239296
60129.78476241742 4.5 0.5 1.0075602204849854 0.0002964585074070616 1.0 1.007676545585773 1.007676545585773 -0.0001163251007876287
60129.7852457994 4.5 0.5 1.0075334643047686 0.00029641330252011273 1.0 1.0076762412988045 1.0076762412988045 -0.00014277699403586475
60129.78572918139 4.5 0.5 1.007261048084771 0.0002963237891491588 1.0 1.0076759370118316 1.0076759370118316 -0.0004148889270605416
60129.78621256337 4.5 0.5 1.0077218404116932 0.00029647522282019023 1.0 1.0076756327248675 1.0076756327248675 4.6207686825727734e-05
60129.78669594535 4.5 0.5 1.0077891524526172 0.0002963992609935014 1.0 1.0076753284378992 1.0076753284378992 0.00011382401471804471
60129.787179327344 4.5 0.5 1.007613436004131 0.0002964681124217112 1.0 1.007675024150926 1.007675024150926 -6.158814679513291e-05
60129.78766270933 4.5 0.5 1.0079633472185043 0.00029651367533153265 1.0 1.0076747198639577 1.0076747198639577 0.00028862735454660005
60129.788146091305 4.5 0.5 1.008310248088892 0.00029652685384085026 1.0 1.0076744155769937 1.0076744155769937 0.0006358325118982489
60129.788629473296 4.5 0.5 1.007008309521832 0.00029635175881525893 1.0 1.0076741112900207 1.0076741112900207 -0.0006658017681886452
60129.78911285528 4.5 0.5 1.0078118321061982 0.0002964444259067754 1.0 1.0076738070030522 1.0076738070030522 0.00013802510314597782
60129.78959623726 4.5 0.5 1.00732296904399 0.00029638253462794183 1.0 1.0076735027160884 1.0076735027160884 -0.00035053367209836317
60129.79007961925 4.5 0.5 1.0078501146773864 0.00029647374514530516 1.0 1.0076731984291154 1.0076731984291154 0.0001769162482709863
60129.79056300123 4.5 0.5 1.0083749606272563 0.00029651624088339974 1.0 1.007672894142147 1.007672894142147 0.0007020664851093983
60129.791046383216 4.5 0.5 1.007868254796247 0.0002965146424653484 1.0 1.0076725898551784 1.0076725898551784 0.00019566494106859622
60129.7915297652 4.5 0.5 1.007813741816391 0.00029644036245416653 1.0 1.00767228556821 1.00767228556821 0.00014145624818096003
60129.792013147184 4.5 0.5 1.007691919743299 0.0002964731229232796 1.0 1.0076719812812416 1.0076719812812416 1.9938462057389472e-05
60129.79249652917 4.5 0.5 1.008289402179504 0.0002964784791015396 1.0 1.007671676994273 1.007671676994273 0.0006177251852308441
60129.79297991115 4.5 0.5 1.008129512983685 0.0002964989824183104 1.0 1.0076713727073046 1.0076713727073046 0.0004581402763803588
60129.793463293136 4.5 0.5 1.0076468795035354 0.00029646954142502243 1.0 1.0076710684203363 1.0076710684203363 -2.4188916800893523e-05
60129.79394667512 4.5 0.5 1.0073961721114044 0.0002963606456306234 1.0 1.0076707641333678 1.0076707641333678 -0.000274592021963338
60129.79443005711 4.5 0.5 1.0070300744663117 0.0002963947474191553 1.0 1.0076704598463948 1.0076704598463948 -0.0006403853800831527
60129.79491343909 4.5 0.5 1.007398717260324 0.0002963660347644214 1.0 1.0076701555594307 1.0076701555594307 -0.0002714382991066966
60129.79539682107 4.5 0.5 1.0076698593098323 0.00029642025446073675 1.0 1.0076698512724624 1.0076698512724624 8.037369880753431e-09
60129.795880203055 4.5 0.5 1.0073323092210045 0.00029642407795383283 1.0 1.007669546985494 1.007669546985494 -0.00033723776448946197
60129.79636358504 4.5 0.5 1.0075462501934118 0.00029643355248535935 1.0 1.0076692426985254 1.0076692426985254 -0.00012299250511360604
60129.79684696702 4.5 0.5 1.00761430948856 0.0002964599050181147 1.0 1.007668938411557 1.007668938411557 -5.462892299701316e-05
60129.79733034901 4.5 0.5 1.0075066523607856 0.00029640555134725547 1.0 1.0076686341245886 1.0076686341245886 -0.00016198176380299856
60129.79781373099 4.5 0.5 1.0073941473650396 0.00029646402862471775 1.0 1.0076683298376201 1.0076683298376201 -0.00027418247258048645
60129.798297112975 4.5 0.5 1.007712151333502 0.0002964100905058026 1.0 1.0076680255506516 1.0076680255506516 4.412578285029056e-05
60129.79878049496 4.5 0.5 1.0076726698549547 0.0002964439599039566 1.0 1.0076677212636833 1.0076677212636833 4.948591271425329e-06
60129.79926387694 4.5 0.5 1.007270331919298 0.0002963940709408834 1.0 1.0076674169767148 1.0076674169767148 -0.0003970850574168683
60129.799747258934 4.5 0.5 1.0080838905797926 0.00029649967809631394 1.0 1.0076671126897416 1.0076671126897416 0.0004167778900510122
60129.80023064091 4.5 0.5 1.007477374266258 0.00029638594194456366 1.0 1.0076668084027778 1.0076668084027778 -0.0001894341365198393
60129.800714022895 4.5 0.5 1.0072281319249259 0.000296371915431979 1.0 1.0076665041158095 1.0076665041158095 -0.0004383721908836069
60129.801197404886 4.5 0.5 1.0077999907399704 0.000296472125588752 1.0 1.0076661998288363 1.0076661998288363 0.0001337909111340796
60129.80168078687 4.5 0.5 1.0075293483037184 0.0002964197026387029 1.0 1.0076658955418678 1.0076658955418678 -0.00013654723814937597
60129.80216416885 4.5 0.5 1.0077188693582657 0.00029642233138256214 1.0 1.007665591254904 1.007665591254904 5.327810336175354e-05
60129.80264755084 4.5 0.5 1.0076281577825 0.000296427315051481 1.0 1.007665286967931 1.007665286967931 -3.712918543108401e-05
60129.80313093282 4.5 0.5 1.0072665431308734 0.0002963945134580091 1.0 1.0076649826809625 1.0076649826809625 -0.0003984395500891136
60129.8036143148 4.5 0.5 1.0076432598587741 0.0002964580970428131 1.0 1.0076646783939986 1.0076646783939986 -2.1418535224526636e-05
60129.80409769679 4.5 0.5 1.007406320256221 0.0002964216107693402 1.0 1.0076643741070257 1.0076643741070257 -0.0002580538508047958
60129.80458107877 4.5 0.5 1.008560790474598 0.0002965204743334428 1.0 1.0076640698200572 1.0076640698200572 0.0008967206545407169
60129.80506446076 4.5 0.5 1.008103492386318 0.0002964628072132973 1.0 1.0076637655330887 1.0076637655330887 0.00043972685322923866
60129.80554784274 4.5 0.5 1.008033832815316 0.0002965132139084041 1.0 1.0076634612461204 1.0076634612461204 0.00037037156919561554
60129.80603122472 4.5 0.5 1.0076784825141076 0.0002964223568081212 1.0 1.0076631569591563 1.0076631569591563 1.53255549513176e-05
60129.80651460671 4.5 0.5 1.007886380697237 0.00029644338224949017 1.0 1.0076628526721834 1.0076628526721834 0.0002235280250535432
60129.80699798869 4.5 0.5 1.007813964570787 0.0002964467829544683 1.0 1.0076625483852149 1.0076625483852149 0.00015141618557223957
60129.80748137067 4.5 0.5 1.0073982308128384 0.000296404045714201 1.0 1.007662244098251 1.007662244098251 -0.00026401328541258984
60129.80796475266 4.5 0.5 1.007613995830038 0.0002964309363614349 1.0 1.007661939811278 1.007661939811278 -4.79439812399729e-05
60129.808448134645 4.5 0.5 1.0078875161031637 0.00029648980019386987 1.0 1.0076616355243095 1.0076616355243095 0.00022588057885419843
60129.80893151663 4.5 0.5 1.0072177546812668 0.00029638795600689323 1.0 1.007661331237341 1.007661331237341 -0.0004435765560741878
60129.80941489861 4.5 0.5 1.0073894482164412 0.00029636876291361513 1.0 1.0076610269503727 1.0076610269503727 -0.0002715787339315767
60129.8098982806 4.5 0.5 1.0082990135335912 0.00029651044853144657 1.0 1.0076607226634042 1.0076607226634042 0.0006382908701869638
60129.81038166258 4.5 0.5 1.007224656339417 0.000296438076673161 1.0 1.0076604183764357 1.0076604183764357 -0.00043576203701878313
60129.810865044565 4.5 0.5 1.0071524413959974 0.00029636843740374 1.0 1.0076601140894672 1.0076601140894672 -0.0005076726934698517
60129.81134842655 4.5 0.5 1.007831769621572 0.00029649644261019805 1.0 1.007659809802499 1.007659809802499 0.00017195981907303093
60129.81183180853 4.5 0.5 1.0076691176021868 0.0002965362052477188 1.0 1.0076595055155304 1.0076595055155304 9.612086656396457e-06
60129.812315190524 4.5 0.5 1.0075162236157356 0.000296427065191409 1.0 1.0076592012285575 1.0076592012285575 -0.00014297761282189292
60129.8127985725 4.5 0.5 1.007644264267093 0.00029644752741794274 1.0 1.0076588969415934 1.0076588969415934 -1.4632674500303366e-05
60129.813281954484 4.5 0.5 1.0075982381101272 0.00029640983831765626 1.0 1.007658592654625 1.007658592654625 -6.035454449793143e-05
60129.813765336476 4.5 0.5 1.007976809813521 0.00029643821807030297 1.0 1.007658288367652 1.007658288367652 0.0003185214458689689
60129.81424871846 4.5 0.5 1.0076374342342103 0.0002964813147216897 1.0 1.0076579840806836 1.0076579840806836 -2.0549846473372213e-05
60129.814732100436 4.5 0.5 1.007452006532861 0.00029640821553063025 1.0 1.0076576797937196 1.0076576797937196 -0.0002056732608586298
60129.81521548243 4.5 0.5 1.0084566886373802 0.00029658033367045196 1.0 1.0076573755067466 1.0076573755067466 0.0007993131306336387
60129.81569886441 4.5 0.5 1.0073910487643973 0.00029637981267772 1.0 1.007657071219778 1.007657071219778 -0.0002660224553807655
60129.816182246395 4.5 0.5 1.0078416814899638 0.0002964605691993001 1.0 1.0076567669328098 1.0076567669328098 0.0001849145571539701
60129.81666562838 4.5 0.5 1.0077820356548959 0.0002964780819844311 1.0 1.0076564626458413 1.0076564626458413 0.00012557300905458035
60129.817149010356 4.5 0.5 1.0080755990845087 0.0002965004053997962 1.0 1.0076561583588775 1.0076561583588775 0.00041944072563127044
60129.81763239235 4.5 0.5 1.007577064452867 0.00029639785376104466 1.0 1.0076558540719043 1.0076558540719043 -7.878961903728943e-05
60129.81811577433 4.5 0.5 1.0076275270841222 0.00029637920392480466 1.0 1.007655549784936 1.007655549784936 -2.8022700813812307e-05
60129.81859915631 4.5 0.5 1.0076444621690646 0.00029649659265541063 1.0 1.0076552454979721 1.0076552454979721 -1.0783328907582046e-05
60129.8190825383 4.5 0.5 1.007706714730357 0.00029639783165188305 1.0 1.007654941210999 1.007654941210999 5.177351935792274e-05
60129.81956592028 4.5 0.5 1.0073557158711197 0.0002964807952595132 1.0 1.0076546369240305 1.0076546369240305 -0.0002989210529107389
60129.82004930226 4.5 0.5 1.007710219797186 0.00029644544291906167 1.0 1.0076543326370666 1.0076543326370666 5.588716011928341e-05
60129.82053268425 4.5 0.5 1.007278885404919 0.0002963644944264621 1.0 1.0076540283500937 1.0076540283500937 -0.00037514294517460023
60129.821016066235 4.5 0.5 1.0074393516314595 0.00029640578636928313 1.0 1.0076537240631251 1.0076537240631251 -0.00021437243166566589
60129.82149944822 4.5 0.5 1.0077457461816814 0.00029659366613206265 1.0 1.0076534197761566 1.0076534197761566 9.232640552481186e-05
60129.8219828302 4.5 0.5 1.0077518733140043 0.0002963768427350857 1.0 1.0076531154891883 1.0076531154891883 9.875782481594264e-05
60129.82246621219 4.5 0.5 1.0072800115442089 0.0002964417593721184 1.0 1.0076528112022198 1.0076528112022198 -0.00037279965801095827
60129.82294959417 4.5 0.5 1.0077553160366624 0.0002964004436889066 1.0 1.0076525069152513 1.0076525069152513 0.00010280912141102938
60129.82343297616 4.5 0.5 1.0083027986188025 0.0002964206668681844 1.0 1.0076522026282784 1.0076522026282784 0.0006505959905240832
60129.82391635814 4.5 0.5 1.0073472068853548 0.0002964231612788777 1.0 1.0076518983413145 1.0076518983413145 -0.0003046914559596825
60129.82439974012 4.5 0.5 1.0077864942193655 0.00029652281664208844 1.0 1.007651594054346 1.007651594054346 0.00013490016501949142
60129.82488312211 4.5 0.5 1.0074494967260372 0.00029638256750875503 1.0 1.007651289767373 1.007651289767373 -0.00020179304133582932
60129.8253665041 4.5 0.5 1.0070872685506262 0.0002963521790994677 1.0 1.0076509854804045 1.0076509854804045 -0.0005637169297783018
60129.825849886074 4.5 0.5 1.0076555472436226 0.000296426563349887 1.0 1.0076506811934407 1.0076506811934407 4.866050181906445e-06
60129.826333268065 4.5 0.5 1.0077912963228928 0.0002964557131366039 1.0 1.0076503769064675 1.0076503769064675 0.00014091941642524475
60129.82681665005 4.5 0.5 1.0076088459592825 0.0002964495241239624 1.0 1.0076500726194992 1.0076500726194992 -4.122666021677546e-05
60129.82730003203 4.5 0.5 1.0077190414132076 0.00029641570876812764 1.0 1.0076497683325307 1.0076497683325307 6.927308067683491e-05
60129.82778341402 4.5 0.5 1.0072051140712497 0.00029637292732357707 1.0 1.0076494640455622 1.0076494640455622 -0.0004443499743125301
60129.828266795994 4.5 0.5 1.0071677079414634 0.0002963628039373202 1.0 1.0076491597585984 1.0076491597585984 -0.0004814518171349924
60129.828750177985 4.5 0.5 1.0072815722551307 0.0002964294031793059 1.0 1.0076488554716254 1.0076488554716254 -0.0003672832164947071
60129.82923355997 4.5 0.5 1.0079646749411393 0.0002964148899108231 1.0 1.007648551184657 1.007648551184657 0.0003161237564823782
60129.829716941946 4.5 0.5 1.0080071684602019 0.00029643241218306205 1.0 1.007648246897693 1.007648246897693 0.00035892156250882934
60129.83020032394 4.5 0.5 1.007199361519811 0.00029637487305461235 1.0 1.00764794261072 1.00764794261072 -0.00044858109090917253
60129.83068370592 4.5 0.5 1.007438760166325 0.00029647969438512876 1.0 1.0076476383237516 1.0076476383237516 -0.0002088781574265397
60129.831167087905 4.5 0.5 1.0078899677445265 0.00029649446747186483 1.0 1.007647334036783 1.007647334036783 0.00024263370774346704
60129.83165046989 4.5 0.5 1.0080280275433278 0.0002964733397579999 1.0 1.0076470297498146 1.0076470297498146 0.00038099779351319363
60129.83213385187 4.5 0.5 1.0074337831582059 0.00029640047068160637 1.0 1.0076467254628463 1.0076467254628463 -0.00021294230464041775
60129.83261723386 4.5 0.5 1.0074408809472675 0.0002963827836221798 1.0 1.0076464211758778 1.0076464211758778 -0.0002055402286103014
60129.83310061585 4.5 0.5 1.0078664231445322 0.00029653832158378136 1.0 1.0076461168889046 1.0076461168889046 0.00022030625562763362
60129.833583997824 4.5 0.5 1.0070933723870377 0.00029638221359441823 1.0 1.0076458126019407 1.0076458126019407 -0.0005524402149030827
60129.83406737981 4.5 0.5 1.007226254246596 0.0002963854205474081 1.0 1.0076455083149725 1.0076455083149725 -0.0004192540683765067
60129.8345507618 4.5 0.5 1.0070734976357834 0.0002964372237451854 0.999987999040045 1.0076452040279993 1.0076331113182568 -0.000559613682473481
60129.83503414378 4.5 0.5 1.0074963974511897 0.00029638841138572786 0.9997917713826079 1.007644899741031 1.0074350792367357 6.1318214453987e-05
60129.83551752576 4.5 0.5 1.0070378697148714 0.00029637299509780655 0.9994731471272017 1.007644595454067 1.0071137150041922 -7.584528932080836e-05
60129.83600090775 4.5 0.5 1.006715804384428 0.000296247767319997 0.9990689584029019 1.007644291167094 1.006706132416939 9.671967488911193e-06
60129.836484289735 4.5 0.5 1.0066180771923454 0.0002963277193893854 0.998595923982989 1.0076439868801255 1.0062291781244617 0.0003888990678837523
60129.83696767172 4.5 0.5 1.0058972733214595 0.0002961804198226849 0.9980647728334655 1.0076436825931572 1.005693663164416 0.00020361015704351004
60129.8374510537 4.5 0.5 1.005214569043696 0.0002961190698371456 0.9974834184714293 1.0076433783061887 1.0051075615929568 0.00010700745073921603
60129.83793443569 4.5 0.5 1.0043877727115469 0.0002959784574163312 0.9968581866326087 1.0076430740192202 1.0044772475397072 -8.94748281603519e-05
60129.83841781767 4.5 0.5 1.0042510537170055 0.0002959951638072305 0.9961944125958756 1.0076427697322516 1.0038080970999015 0.0004429566171040289
60129.83890119966 4.5 0.5 1.0034232852117253 0.0002958319274645053 0.9954967752015897 1.0076424654452787 1.0031048249069543 0.0003184603047710066
60129.83938458163 4.5 0.5 1.0019804315516456 0.00029563814578636744 0.9947695029236983 1.0076421611583193 1.0023716917804224 -0.0003912602287767797
60129.83986796362 4.5 0.5 1.001231726105604 0.0002955137999934669 0.9940165108549062 1.0076418568713463 1.0016126427586145 -0.0003809166530104324
60129.84035134561 4.5 0.5 1.0009734496216278 0.0002954488594170481 0.99324149839923 1.0076415525843778 1.000831405538234 0.00014204408339391073
60129.84083472759 4.5 0.5 1.0000594266834562 0.00029531993931962555 0.9924480227108888 1.0076412482974095 1.0000315644746958 2.7862208760387475e-05
60129.841318109575 4.5 0.5 0.9992193673163922 0.00029512205737977876 0.99163955777269 1.007640944010441 0.9992166201121696 2.7472042225529236e-06
60129.84180149156 4.5 0.5 0.998421822420546 0.0002950166242877894 0.9908195447032336 1.0076406397234725 0.9983900398752861 3.178254525992852e-05
60129.84228487354 4.5 0.5 0.9980432702056309 0.00029503284247460666 0.9899914374916097 1.007640335436504 0.9975553041533124 0.0004879660523184892
60129.842768255534 4.5 0.5 0.9967891429799595 0.0002948780712018783 0.9891587473481236 1.007640031149531 0.9967159509896943 7.319199026512013e-05
60129.84325163752 4.5 0.5 0.9956355188971453 0.00029466373305262714 0.9883250886381736 1.0076397268625625 0.9958756223667872 -0.00024010346964187246
60129.843735019494 4.5 0.5 0.9952096781304536 0.0002946300945454355 0.9874942292611528 1.0076394225755987 0.9950381149694439 0.00017156316100963576
60129.844218401486 4.5 0.5 0.9946358370450868 0.00029452610092065305 0.9866701493188766 1.0076391182886257 0.9942074393013796 0.0004283977437072872
60129.84470178347 4.5 0.5 0.9931837310987004 0.00029432170231827125 0.9858571131543922 1.0076388140016572 0.9933878922739893 -0.000204161175288875
60129.84518516545 4.5 0.5 0.9924647543394598 0.0002942482962901444 0.9850597618470588 1.0076385097146887 0.9925841504074765 -0.00011939606801669722
60129.84566854744 4.5 0.5 0.9916408106186337 0.00029412705746186067 0.9842832385090057 1.0076382054277204 0.9918013960837994 -0.0001605854651656191
60129.84615192942 4.5 0.5 0.9912030378327241 0.00029404318783786935 0.983533366573372 1.007637901140752 0.9910454971958903 0.00015754063683381947
60129.846635311405 4.5 0.5 0.9902703045407232 0.0002938986888235535 0.9828169189885936 1.0076375968537834 0.9903232783969059 -5.2973856182747525e-05
60129.8471186934 4.5 0.5 0.989061652331886 0.0002937579797105803 0.9821420549256913 1.0076372925668104 0.9896429611413272 -0.0005813088094411833
60129.84760207537 4.5 0.5 0.9888245796805252 0.000293649894210056 0.9815190990953376 1.0076369882798466 0.9890149489515743 -0.00019036927104909562
60129.84808545736 4.5 0.5 0.9886137335384987 0.00029365041708880236 0.9809621386407855 1.007636683992878 0.988453436502563 0.0001602970359356748
60129.84856883935 4.5 0.5 0.9884755627168582 0.0002935853137431077 0.9804931522916986 1.0076363797059051 0.9879805703016379 0.00049499241522033
60129.84905222133 4.5 0.5 0.987441044043825 0.00029350446487703144 0.9801609056014113 1.0076360754189366 0.9876454881992769 -0.0002044441554518439
60129.84953560331 4.5 0.5 0.9872721510554721 0.00029342871011941426 0.980043556931667 1.0076357711319728 0.9875269452317618 -0.0002547941762897077
60129.85001898529 4.5 0.5 0.9875482592977036 0.0002934932705854764 0.9799475851513791 1.0076354668450043 0.9874299424476445 0.00011831685005914139
60129.85050236728 4.5 0.5 0.9870063207521388 0.0002934216394061272 0.9798601416890935 1.0076351625580358 0.9873415331550297 -0.00033521240289091647
60129.85098574927 4.5 0.5 0.9872039692596344 0.0002934041582328317 0.9797794972163328 1.0076348582710628 0.9872599748144727 -5.6005554838312044e-05
60129.851469131245 4.5 0.5 0.9869639935060365 0.00029339957447613264 0.9797045568189536 1.007634553984099 0.9871841641464557 -0.00022017064041923717
60129.85195251323 4.5 0.5 0.987166094044171 0.00029346788768200863 0.9796345412100306 1.0076342496971304 0.9871133159095618 5.277813460924374e-05
60129.85243589522 4.5 0.5 0.986665594631959 0.000293362085000306 0.9795688585546416 1.0076339454101575 0.9870468337463381 -0.00038123911437903946
60129.852919277204 4.5 0.5 0.9869167992708702 0.0002933743644697983 0.9795070400603266 1.007633641123189 0.9869842452817843 -6.74460109141295e-05
60129.85340265919 4.5 0.5 0.9870084053545032 0.0002934596570961986 0.9794487031988369 1.0076333368362205 0.986925165064153 8.324029035022829e-05
60129.85388604117 4.5 0.5 0.9870316191263183 0.0002933948116649324 0.9793935288396222 1.007633032549252 0.9868692715237818 0.0001623476025365278
60129.854369423156 4.5 0.5 0.9870304465526882 0.0002934126932058151 0.979341246115566 1.0076327282622837 0.9868162917232124 0.0002141548294758433
60129.85485280514 4.5 0.5 0.9864331853089173 0.0002934047949519664 0.979291621925966 1.0076324239753152 0.986765990779979 -0.0003328054710616257
60129.85533618713 4.5 0.5 0.9869586086154255 0.0002934213155208644 0.9792444533794983 1.0076321196883422 0.9867181642518359 0.0002404443635896092
60129.85581956911 4.5 0.5 0.9865866306798313 0.00029335088566285854 0.9791995621930123 1.0076318154013781 0.9866726324927797 -8.60018129483775e-05
60129.85630295109 4.5 0.5 0.9864178704050477 0.0002933463835976415 0.9791567904239286 1.0076315111144099 0.9866292363527986 -0.0002113659477509522
60129.85678633308 4.5 0.5 0.9866776647211942 0.0002932889643060768 0.9791159971702205 1.0076312068274367 0.9865878338526783 8.983086851588329e-05
60129.85726971507 4.5 0.5 0.9861025253307842 0.0002932671321116146 0.979077055958401 1.0076309025404684 0.9865482975520282 -0.00044577222124397853
60129.85775309704 4.5 0.5 0.9869828018308751 0.0002934396224186378 0.9790398526480467 1.0076305982535043 0.986510512437774 0.0004722893931010663
60129.858236479035 4.5 0.5 0.9864797722444879 0.00029341959500070594 0.9790042837316864 1.0076302939665314 0.9864743742110526 5.398033435355387e-06
60129.85871986102 4.5 0.5 0.9860146674566548 0.00029325043872662106 0.9789702549432223 1.0076299896795629 0.9864397878850382 -0.0004251204283833854
60129.859203243 4.5 0.5 0.9867232981222731 0.00029343058080649764 0.9789376800936173 1.0076296853925946 0.986406666611688 0.0003166315105851414
60129.85968662499 4.5 0.5 0.9863279516956115 0.0002933517826134292 0.9789064801027677 1.0076293811056214 0.986374930706234 -4.6979010622560935e-05
60129.86017000697 4.5 0.5 0.9864980872664452 0.0002934109176544196 0.9788765821820129 1.0076290768186575 0.9863445068234644 0.0001535804429807497
60129.860653388954 4.5 0.5 0.9860709008109035 0.00029326808042035946 0.9788479191328147 1.007628772531689 0.986315327250996 -0.00024442644009248227
60129.86113677094 4.5 0.5 0.9854943711306846 0.0002932006485831519 0.9788204287548561 1.0076284682447207 0.9862873293128964 -0.0007929581822118115
60129.86162015292 4.5 0.5 0.9860707879289964 0.0002932542092521251 0.978794053329922 1.0076281639577522 0.9862604548495955 -0.0001896669205990742
60129.862103534906 4.5 0.5 0.9862758435606341 0.00029332676002321835 0.978768739177272 1.0076278596707837 0.9862346497698662 4.119379076794605e-05
60129.86258691689 4.5 0.5 0.9855727008847092 0.00029320785410059865 0.9787444362660969 1.0076275553838152 0.9862098636603175 -0.0006371627756083242
60129.863070298874 4.5 0.5 0.9862869366863011 0.0002932457434969885 0.9787210978764613 1.007627251096847 0.9861860494437468 0.00010088724255430392
60129.863553680865 4.5 0.5 0.9859720891303011 0.0002933203420837103 0.9786986803010225 1.0076269468098737 0.986163163078572 -0.0001910739482708923
60129.86403706285 4.5 0.5 0.986059555858252 0.0002932708352774491 0.9786771425834535 1.0076266425229055 0.9861411632952761 -8.160743702412265e-05
60129.864520444826 4.5 0.5 0.9859118873071376 0.00029332778659387144 0.9786564462838416 1.0076263382359414 0.9861200113599866 -0.00020812405284897917
60129.86500382682 4.5 0.5 0.9859585413406345 0.0002932571241032712 0.9786365552714923 1.0076260339489684 0.9860996708656942 -0.0001411295250596245
60129.8654872088 4.5 0.5 0.98544306391505 0.0002931853004043393 0.9786174355429733 1.007625729662 0.9860801075489437 -0.0006370436338937191
60129.865970590785 4.5 0.5 0.9862327093989358 0.0002933490068465439 0.9785990550538202 1.0076254253750316 0.9860612891202095 0.0001714202787262975
60129.86645397277 4.5 0.5 0.9861631161462495 0.0002932851871535809 0.9785813835717696 1.0076251210880631 0.9860431851160287 0.00011993103022078788
60129.86693735475 4.5 0.5 0.9859152834523512 0.0002931944400604809 0.9785643925429917 1.0076248168010946 0.9860257667642064 -0.00011048331185514737
60129.86742073674 4.5 0.5 0.9862546522463426 0.0002933192451800718 0.9785480549716637 1.007624512514126 0.986009006862469 0.0002456453838736161
60129.86790411873 4.5 0.5 0.9860296378601421 0.00029321281459554797 0.9785323453108021 1.0076242082271532 0.9859928796684562 3.675819168591499e-05
60129.86838750071 4.5 0.5 0.9860995583138608 0.00029332070485676976 0.9785172393644251 1.0076239039401846 0.9859773608011542 0.00012219751270658996
60129.86887088269 4.5 0.5 0.9860132543243614 0.000293343340312647 0.9785027141965936 1.0076235996532208 0.9859624271492183 5.082717514304225e-05
60129.86935426468 4.5 0.5 0.9860589608930466 0.0002933142940164458 0.9784887480495578 1.0076232953662478 0.9859480567884896 0.00011090410455694144
60129.869837646664 4.5 0.5 0.9861589964845497 0.00029325150959367717 0.978475320271085 1.0076229910792793 0.9859342289088064 0.00022476757574330097
60129.87032102865 4.5 0.5 0.9857584812579963 0.00029331077620743076 0.9784624112441415 1.0076226867923108 0.9859209237431048 -0.0001624424851085493
60129.87080441063 4.5 0.5 0.9860767365960051 0.0002932508220618021 0.9784500023255341 1.0076223825053425 0.9859081225056127 0.00016861409039248265
60129.871287792615 4.5 0.5 0.9857024999683417 0.00029327217023385026 0.9784380757884292 1.007622078218374 0.985895807333924 -0.0001933073655823181
60129.8717711746 4.5 0.5 0.9856771252969583 0.000293256303338245 0.9784266147697379 1.0076217739314055 0.9858839612359832 -0.0002068359390249297
60129.87225455658 4.5 0.5 0.9859061943000308 0.00029322836582211563 0.9784156032217056 1.007621469644437 0.9858725680413034 3.3626258727381675e-05
60129.87273793857 4.5 0.5 0.9861201662456642 0.0002933055019586974 0.978405025867303 1.0076211653574687 0.9858616123560162 0.0002585538896480166
60129.87322132055 4.5 0.5 0.9860490814486722 0.00029330482042377176 0.9783948681590718 1.0076208610705002 0.9858510795214025 0.00019800192726970867
60129.873704702535 4.5 0.5 0.9857054444179713 0.0002932983229143866 0.9783851162411031 1.0076205567835317 0.9858409555755807 -0.0001355111576094581
60129.87418808452 4.5 0.5 0.9858782029421286 0.00029331037102032153 0.978375756913873 1.0076202524965632 0.9858312272180728 4.6975724055764445e-05
60129.87467146651 4.5 0.5 0.98596907105173 0.0002933010328919863 0.9783667776015552 1.0076199482095902 0.9858218817768627 0.00014718927486734312
60129.87515484849 4.5 0.5 0.9854084178188355 0.0002932083915276723 0.978358166322505 1.0076196439226264 0.9858129071786762 -0.00040448935984072065
60129.87563823047 4.5 0.5 0.9861527116730735 0.0002933086252293896 0.9783499116599456 1.0076193396356579 0.9858042919193986 0.0003484197536749445
60129.87612161246 4.5 0.5 0.9864162930162611 0.000293381402938437 0.9783420027371834 1.007619035348685 0.9857960250391412 0.0006202679771198927
60129.876604994446 4.5 0.5 0.9857542082294378 0.0002932246311154303 0.9783344291932674 1.0076187310617164 0.9857880960977088 -3.388786827096535e-05
60129.87708837643 4.5 0.5 0.9860064464242511 0.00029332864765620165 0.9783271811599514 1.0076184267747479 0.985780495151364 0.0002259512728870483
60129.877571758414 4.5 0.5 0.9856574430817718 0.00029316721962374605 0.9783202492412824 1.0076181224877796 0.9857732127322775 -0.00011576965050563714
60129.8780551404 4.5 0.5 0.9856735372281464 0.0002932194706474383 0.9783136244940278 1.007617818200811 0.9857662398287999 -9.270260065341596e-05
60129.87853852238 4.5 0.5 0.985651809328488 0.00029321124800475376 0.9783072984095637 1.0076175139138426 0.9857595678672122 -0.00010775853872424523
60129.87902190437 4.5 0.5 0.9851904650164026 0.00029315699433919587 0.978301262896909 1.0076172096268696 0.985753188694626 -0.0005627236782234091
60129.87950528636 4.5 0.5 0.9858448416235734 0.00029327769919570247 0.9782955102673602 1.0076169053399011 0.985747094563517 9.774706005649669e-05
60129.879988668334 4.5 0.5 0.98545307785059 0.0002931928604777998 0.97829003321937 1.0076166010529373 0.9857412781164667 -0.00028820026587672576
60129.880472050325 4.5 0.5 0.9860601312711565 0.00029326657355782497 0.978284824824856 1.0076162967659643 0.9857357323723616 0.0003243988987949864
60129.88095543231 4.5 0.5 0.9856565821177875 0.00029323766187640477 0.9782798785171802 1.0076159924789958 0.98573045071432 -7.386859653246702e-05
60129.88143881429 4.5 0.5 0.9858836513574155 0.0002932539483099662 0.9782751880784888 1.0076156881920273 0.9857254268768915 0.00015822448052404958
60129.88192219628 4.5 0.5 0.9858641089485631 0.00029332090956837197 0.9782707476290685 1.0076153839050588 0.9857206549353528 0.00014345401321036455
60129.88240557826 4.5 0.5 0.9861287979109685 0.0002931811297662669 0.9782665516169883 1.0076150796180905 0.9857161292952665 0.0004126686157019943
60129.882888960245 4.5 0.5 0.9855584805684271 0.00029321738225328677 0.9782625948085396 1.007614775331122 0.985711844682847 -0.00015336411441990716
60129.88337234223 4.5 0.5 0.9862316603666765 0.0002932653139068256 0.9782588722793543 1.0076144710441535 0.9857077961360117 0.0005238642306648611
60129.88385572421 4.5 0.5 0.9855030826665806 0.0002931874050745081 0.9782553794061631 1.007614166757185 0.9857039789960749 -0.00020089632949427116
60129.8843391062 4.5 0.5 0.9857652608951376 0.0002932714122624324 0.9782521118591591 1.0076138624702167 0.9857003889000537 6.487199508387054e-05
60129.88482248818 4.5 0.5 0.9849934305070741 0.00029309276414675206 0.978249065594935 1.0076135581832482 0.9856970217735501 -0.0007035912664760113
60129.885305870164 4.5 0.5 0.9853084357948307 0.00029316157190388076 0.9782462368499673 1.0076132538962796 0.9856938738241862 -0.0003854380293554227
60129.885789252156 4.5 0.5 0.9858677021110983 0.0002932450802655435 0.97824362213458 1.0076129496093067 0.9856909415355163 0.00017676057558202452
60129.88627263414 4.5 0.5 0.9856785532677851 0.00029320522065808295 0.9782412182275977 1.0076126453223382 0.9856882216616564 -9.668393871287151e-06
60129.886756016116 4.5 0.5 0.9860483502880921 0.00029323979688487893 0.9782390221711109 1.0076123410353743 0.9856857112219886 0.000362639066103565
60129.88723939811 4.5 0.5 0.9856342489550538 0.0002931617464674576 0.9782370312659051 1.0076120367484014 0.9856834074965483 -4.915854149445398e-05
60129.88772278009 4.5 0.5 0.9859856492773503 0.00029332888899498 0.9782352430675917 1.0076117324614329 0.9856813080221669 0.0003043412551834157
60129.888206162075 4.5 0.5 0.9856073580543525 0.00029322042692869337 0.978233655382569 1.0076114281744644 0.9856794105883572 -7.205253400466294e-05
60129.88868954407 4.5 0.5 0.9857679028291417 0.00029320342370929895 0.9782322662648344 1.0076111238874914 0.9856777132341176 9.018959502415935e-05
60129.88917292604 4.5 0.5 0.9855942730035091 0.0002932686870194968 0.9782310740131099 1.0076108196005276 0.985676214245054 -8.194124154492499e-05
60129.88965630803 4.5 0.5 0.9853357357133838 0.00029315121181688566 0.9782300771680807 1.007610515313559 0.9856749121505525 -0.0003391764371686312
60129.89013969002 4.5 0.5 0.9857863325876453 0.00029320782217983894 0.9782292745103703 1.0076102110265859 0.9856738057217783 0.00011252686586693539
60129.890623072 4.5 0.5 0.9853447703923027 0.0002932580967358537 0.9782286650586368 1.0076099067396176 0.9856728939697537 -0.0003281235774509339
60129.891106453986 4.5 0.5 0.9859535897107506 0.0002932676941202017 0.9782282480680191 1.007609602452649 0.9856721761437681 0.0002814135669825246
60129.89158983597 4.5 0.5 0.9854428999908792 0.000293189196343076 0.9782280230290397 1.0076092981656806 0.9856716517302918 -0.00022875173941261373
60129.892073217954 4.5 0.5 0.9860164041628798 0.000293254784906396 0.9782279896667989 1.007608993878712 0.9856713204521584 0.00034508371072139443
60129.89255659994 4.5 0.5 0.985761434954644 0.00029325722191040374 0.9782281479405457 1.0076086895917438 0.9856711822681317 9.025268651230434e-05
60129.89303998193 4.5 0.5 0.9853419331462292 0.00029315429873934463 0.9782284980436206 1.0076083853047706 0.9856712373728435 -0.0003293042266142576
60129.893523363906 4.5 0.5 0.9856747739772702 0.0002932394618266891 0.9782290404037245 1.0076080810178067 0.9856714861970873 3.287780182881228e-06
60129.89400674589 4.5 0.5 0.9852996064150256 0.00029310963876712427 0.9782297756836522 1.0076077767308385 0.9856719294085117 -0.0003723229934861072
60129.894490127874 4.5 0.5 0.985640312646979 0.0002932629181341716 0.9782307047822497 1.00760747244387 0.9856725679126281 -3.2255265649094866e-05
60129.89497350986 4.5 0.5 0.9858874877366204 0.0002932664517218785 0.9782318288358277 1.0076071681569014 0.9856734028542151 0.00021408488240526324
60129.89545689185 4.5 0.5 0.9860641336626398 0.00029338919206102395 0.9782331492198991 1.0076068638699285 0.9856744356190663 0.00038969804357347204
60129.89594027383 4.5 0.5 0.9851829569246052 0.0002931977058446804 0.9782346675511946 1.00760655958296 0.9856756678360398 -0.0004927109114345463
60129.89642365581 4.5 0.5 0.9858207969324877 0.0002931389212159195 0.9782363856901817 1.0076062552959961 0.9856771013795738 0.0001436955529139361
60129.8969070378 4.5 0.5 0.9858810459346541 0.00029326281802604867 0.9782383057439398 1.007605951009023 0.9856787383725778 0.00020230756207628708
60129.897390419785 4.5 0.5 0.9856206557903228 0.0002932655181156824 0.9782404300690943 1.0076056467220547 0.9856805811894307 -5.99253991079296e-05
60129.89787380177 4.5 0.5 0.9855375745763973 0.0002932390517246285 0.9782427612756747 1.0076053424350861 0.9856826324598204 -0.0001450578834230054
60129.89835718376 4.5 0.5 0.9853011219956862 0.00029312409982629824 0.9782453022310107 1.0076050381481132 0.9856848950726901 -0.0003837730770038794
60129.89884056574 4.5 0.5 0.98652399889062 0.000293361459956574 0.9782480560639846 1.0076047338611493 0.9856873721805379 0.0008366267100821112
60129.89932394772 4.5 0.5 0.98553935566472 0.00029326544357025173 0.978251026170297 1.0076044295741808 0.9856900672046792 -0.00015071153995926956
60129.89980732971 4.5 0.5 0.985755342416651 0.00029331604981975505 0.9782542162174537 1.0076041252872077 0.9856929838403103 6.235857634062647e-05
60129.900290711696 4.5 0.5 0.9856866164293523 0.0002932200307810629 0.9782576301505919 1.0076038210002394 0.9856961260623753 -9.50963302304153e-06
60129.90077409368 4.5 0.5 0.9859424404797807 0.00029316725922768483 0.978261272199061 1.0076035167132709 0.9856994981321722 0.0002429423476085768
60129.90125747566 4.5 0.5 0.9855981694720203 0.00029323660810813074 0.978265146883104 1.0076032124263024 0.985703104604104 -0.00010493513208376104
60129.90174085765 4.5 0.5 0.9857734670544259 0.0002932507626961722 0.978269259021336 1.0076029081393338 0.9857069503332094 6.651672121649188e-05
60129.90222423963 4.5 0.5 0.9858043690928254 0.0002932801719129985 0.9782736137387722 1.0076026038523656 0.9857110404832502 9.332860957522726e-05
60129.90270762162 4.5 0.5 0.9854348968272291 0.0002932018964784256 0.9782782164755534 1.0076022995653924 0.9857153805354982 -0.0002804837082691636
60129.90319100361 4.5 0.5 0.9858172217924748 0.00029321363431113613 0.9782830729959843 1.007601995278424 0.9857199762978619 9.724549461287424e-05
60129.90367438558 4.5 0.5 0.9858995563359341 0.00029324784702462997 0.9782881893988942 1.00760169099146 0.9857248339152995 0.00017472242063454324
60129.904157767574 4.5 0.5 0.9852019042124386 0.0002931509703595203 0.9782935721285293 1.007601386704487 0.9857299598807923 -0.0005280556683536775
60129.90464114955 4.5 0.5 0.9857370377545611 0.00029322144478960915 0.9782992279853137 1.0076010824175232 0.9857353610462294 1.6767083317326126e-06
60129.90512453154 4.5 0.5 0.9857564440163201 0.0002932747529159336 0.9783051641394929 1.0076007781305503 0.9857410446360887 1.539938023142895e-05
60129.905607913526 4.5 0.5 0.9855043756234845 0.00029322988834422755 0.9783113881431958 1.0076004738435818 0.9857470182596564 -0.00024264263617190807
60129.90609129551 4.5 0.5 0.9856883996107438 0.0002932823843895176 0.978317907945686 1.0076001695566132 0.9857532899263444 -6.489031560052982e-05
60129.906574677494 4.5 0.5 0.9862423250116623 0.0002933238325896424 0.9783247319082697 1.0075998652696447 0.9857598680607339 0.00048245695092841157
60129.90705805948 4.5 0.5 0.9853205096475598 0.0002931916827627955 0.9783318688208488 1.0075995609826764 0.9857667615192486 -0.00044625187168878533
60129.90754144146 4.5 0.5 0.9862014643329675 0.0002933901635384398 0.9783393279195923 1.007599256695708 0.9857739796079596 0.00042748472500786505
60129.90802482345 4.5 0.5 0.9859421394820872 0.0002931982613448534 0.9783471189060295 1.007598952408735 0.9857815321018194 0.00016060738026779653
60129.90850820544 4.5 0.5 0.985614804667534 0.0002932526968093756 0.9783552519669532 1.0075986481217665 0.9857894292647322 -0.0001746245971981919
60129.908991587414 4.5 0.5 0.9858030009576175 0.00029332356545676335 0.9783637377968905 1.0075983438348026 0.9857976818721739 5.31908544365578e-06
60129.909474969405 4.5 0.5 0.985735139647372 0.00029312880317604713 0.9783725876218351 1.0075980395478294 0.985806301235098 -7.116158772602077e-05
60129.90995835139 4.5 0.5 0.9861260459204284 0.00029329980518153523 0.9783818132233907 1.0075977352608612 0.9858152992243033 0.0003107466961250749
60129.91044173337 4.5 0.5 0.986176456291832 0.00029333406184719134 0.9783914269673506 1.0075974309738926 0.9858246882991833 0.0003517679926486883
60129.910925115364 4.5 0.5 0.9858452199331481 0.00029322085065100614 0.9784014418325925 1.0075971266869195 0.9858344815368594 1.0738396288734187e-05
60129.91140849734 4.5 0.5 0.9863183283895868 0.00029338500282766823 0.9784118714421437 1.0075968223999556 0.9858446926634978 0.000473635726088939
60129.911891879325 4.5 0.5 0.9859161002396348 0.00029324137234717053 0.9784227300989485 1.0075965181129873 0.9858553360903037 6.0764149331093975e-05
60129.912375261316 4.5 0.5 0.9859438482843246 0.0002932647130249336 0.978434032821499 1.0075962138260142 0.9858664269494605 7.742133486410285e-05
60129.9128586433 4.5 0.5 0.9858905203671777 0.0002932584913893486 0.9784457953839476 1.0075959095390459 0.9858779811345438 1.253923263389023e-05
60129.913342025284 4.5 0.5 0.9860992115664061 0.0002932197406364061 0.9784580343603408 1.0075956052520774 0.9858900153450656 0.00020919622134052407
60129.913825407275 4.5 0.5 0.9862771022444586 0.00029331241551302145 0.9784707671711859 1.0075953009651042 0.9859025471334074 0.0003745551110512224
60129.91430878925 4.5 0.5 0.9860220285203074 0.00029330515779238793 0.9784840121337423 1.0075949966781403 0.9859155949555115 0.00010643356479589361
60129.914792171236 4.5 0.5 0.985651751518541 0.0002932012793336294 0.9784977885195677 1.007594692391172 0.985929178228816 -0.000277426710274975
60129.91527555323 4.5 0.5 0.9854712310349159 0.000293211784627623 0.978512116613355 1.0075943881041989 0.9859433173915779 -0.00047208635666207144
60129.9157589352 4.5 0.5 0.9859416710021905 0.00029334448002787256 0.9785270177789123 1.007594083817235 0.9859580339693543 -1.636296716378549e-05
60129.916242317195 4.5 0.5 0.9863606477908227 0.0002933114334080315 0.9785425145336708 1.007593779530262 0.9859733506500278 0.0003872971407948844
60129.91672569918 4.5 0.5 0.9860849767093841 0.00029328425943305 0.9785586306246935 1.0075934752432936 0.9859892913604533 9.568534893078517e-05
60129.917209081155 4.5 0.5 0.9859168103957076 0.0002932190015202051 0.9785753911177747 1.0075931709563297 0.9860058813561892 -8.907096048160756e-05
60129.91769246315 4.5 0.5 0.9858788668609991 0.0002933388126784122 0.9785928224930928 1.0075928666693565 0.9860231473178721 -0.00014428045687298052
60129.91817584513 4.5 0.5 0.9860146505130623 0.00029326079072785537 0.9786109527481243 1.0075925623823883 0.9860411174549528 -2.6466941890568307e-05
60129.918659227114 4.5 0.5 0.9862782775643534 0.00029336429186776255 0.9786298115164777 1.0075922580954197 0.9860598216253827 0.00021845593897062976
60129.919142609106 4.5 0.5 0.9855271864349617 0.00029318592912412004 0.9786494301956407 1.0075919538084468 0.9860792914643487 -0.0005521050293869623
60129.91962599108 4.5 0.5 0.985637755912493 0.00029326350659248746 0.9786698420886385 1.007591649521483 0.9860995605270205 -0.00046180461452749455
60129.920109373066 4.5 0.5 0.9860125562384415 0.0002932694130743642 0.9786910825661241 1.0075913452345144 0.9861206644518242 -0.00010810821338269605
60129.92059275506 4.5 0.5 0.9864764917444022 0.00029333898293006777 0.9787131892412986 1.0075910409475413 0.986142641136728 0.00033385060767421315
60129.92107613704 4.5 0.5 0.9858452297313874 0.0002932293608467547 0.9787362021689506 1.007590736660573 0.9861655309397844 -0.00032030120839698917
60129.921559519025 4.5 0.5 0.9859395699006337 0.00029329278965169983 0.9787601640705975 1.0075904323736045 0.9861893769059534 -0.00024980700531973543
60129.92204290102 4.5 0.5 0.9865440763132558 0.00029336676378957497 0.9787851205854845 1.0075901280866315 0.9862142250200174 0.00032985129323837015
60129.92252628299 4.5 0.5 0.9867077930529662 0.0002933806745561684 0.9788111205541138 1.0075898237996674 0.9862401244922746 0.0004676685606915809
60129.92300966498 4.5 0.5 0.9863856689600937 0.0002933210759040022 0.9788382163460567 1.0075895195126991 0.9862671280887908 0.00011854087130291902
60129.92349304697 4.5 0.5 "" "" 0.9788664642262811 1.007589215225726 0.9862952925005397 ""
60129.92397642895 4.5 0.5 0.9866715206202933 0.00029336942013751324 0.9788959247792488 1.0075889109387577 0.9863246787707114 0.00034684184958189146
60129.924459810936 4.5 0.5 0.9864187662450111 0.0002933650400091951 0.9789266633995416 1.0075886066517892 0.9863553527890292 6.341345598193104e-05
60129.92494319293 4.5 0.5 0.986765687507329 0.0002933207480236991 0.9789587508565935 1.0075883023648162 0.9863873858607761 0.0003783016465528366
60129.925426574904 4.5 0.5 0.9864998018418798 0.0002933365105446227 0.9789922639522037 1.0075879980778522 0.9864208553693052 7.894647257455922e-05
60129.92590995689 4.5 0.5 0.9859957457755482 0.0002932748224302421 0.9790272862991629 1.0075876937908839 0.9864558455605209 -0.00046009978497274506
60129.92639333887 4.5 0.5 0.9870296786681131 0.0002933869345958372 0.9790639092303521 1.0075873895039154 0.9864924484589088 0.0005372302092042647
60129.926876720856 4.5 0.5 0.9867964439955532 0.0002933771447392669 0.9791022328895425 1.0075870852169468 0.9865307649665783 0.0002656790289748967
60129.92736010285 4.5 0.5 0.9868187236505725 0.00029336048051992517 0.9791423675387149 1.007586780929974 0.986570906180487 0.0002478174700855096
60129.927843484824 4.5 0.5 0.9863128217034336 0.0002933689903255141 0.9791844351403847 1.00758647664301 0.9866129949867761 -0.0003001732833425308
60129.92832686681 4.5 0.5 0.9867760107891662 0.000293455172833153 0.9792285713078281 1.0075861723560415 0.9866571680257297 0.0001188427634365441
60129.9288102488 4.5 0.5 0.9869019810883721 0.0002933998779017497 0.9792749277132518 1.0075858680690686 0.9867035781182312 0.00019840297014095398
60129.92929363078 4.5 0.5 0.9869595905981832 0.00029341328952948146 0.9793236751278143 1.0075855637821 0.9867523973288169 0.00020719326936624594
60129.92977701277 4.5 0.5 0.9865397160283809 0.00029339938497219124 0.9793750073173474 1.0075852594951316 0.9868038208908958 -0.0002641048625149356
60129.93026039476 4.5 0.5 0.9863558132473267 0.0002933115415003503 0.9794291461217133 1.0075849552081586 0.9868580723246115 -0.0005022590772848501
60129.930743776735 4.5 0.5 0.986961041429296 0.0002934225275753165 0.9794863482399373 1.0075846509211948 0.986915410273413 4.5631155882963625e-05
60129.93122715872 4.5 0.5 "" "" 0.9795469145648398 1.0075843466342262 0.9869761379093863 ""
60129.93171054071 4.5 0.5 0.986811516428362 0.0002933974627170741 0.9796112034356604 1.0075840423472533 0.9870406162863602 -0.0002290998579982384
60129.932193922694 4.5 0.5 0.9871873391842896 0.00029351867826143144 0.9796796503242221 1.0075837380602848 0.9871092841752724 7.805500901714169e-05
60129.93267730468 4.5 0.5 0.9869949828327784 0.0002932854573276706 0.9797527987519313 1.0075834337733163 0.9871826892154879 -0.00018770638270948492
60129.93316068667 4.5 0.5 0.9873347825621722 0.00029347182731273764 0.9798313526558277 1.0075831294863433 0.9872615406777957 7.324188437651813e-05
60129.93364406865 4.5 0.5 0.9872617793463404 0.00029344963405034396 0.9799162753975379 1.0075828251993748 0.9873468092238998 -8.502987755942826e-05
60129.93412745063 4.5 0.5 0.9872412082794182 0.0002934795219432665 0.9800090136165185 1.007582520912411 0.987439952456617 -0.00019874417719878412
60129.93461083262 4.5 0.5 0.9880365921168341 0.0002935943986140214 0.9801122471541713 1.0075822166254378 0.9875436705293389 0.0004929215874952542
60129.935094214605 4.5 0.5 0.9878939129444072 0.00029354826593474046 0.9803573989469139 1.0075819123384695 0.9877903828060993 0.00010353013830788349
60129.93557759659 4.5 0.5 0.988168097957533 0.00029363212267813994 0.9807873125593396 1.007581608051501 0.9882232575450495 -5.5159587516451225e-05
60129.93606097858 4.5 0.5 0.9889812389555981 0.00029372402309932365 0.9813167771932156 1.007581303764528 0.988756437770345 0.00022480118525303183
60129.936544360564 4.5 0.5 0.9893492635859145 0.00029377425959380366 0.9819186218307332 1.0075809994775595 0.989362546389838 -1.3282803923542197e-05
60129.93702774254 4.5 0.5 0.9901319882360504 0.00029398190713907346 0.982576727473061 1.0075806951905957 0.9900253421454073 0.00010664609064314767
60129.937511124524 4.5 0.5 0.9909646578594593 0.0002939956836807373 0.9832797097604122 1.0075803909036272 0.9907333543280012 0.00023130353145806026
60129.93799450651 4.5 0.5 0.9916709668179583 0.00029416610264552305 0.9840187704195524 1.0075800866166587 0.9914777179317505 0.00019324888620775305
60129.9384778885 4.5 0.5 0.9924454483636068 0.0002941447264779902 0.9847867155827691 1.0075797823296857 0.9922511845280526 0.00019426383555420923
60129.93896127048 4.5 0.5 0.9927691607775541 0.00029428484472109707 0.985577428050156 1.0075794780427172 0.9930475905254599 -0.0002784297479058173
60129.93944465247 4.5 0.5 0.993828295166523 0.00029442134009790975 0.9863855516425393 1.0075791737557487 0.9938615391285981 -3.3243962075046873e-05
60129.93992803445 4.5 0.5 0.9948174196651212 0.0002945361362710005 0.9872062868231408 1.0075788694687804 0.9946881944097328 0.0001292252553883877
60129.940411416435 4.5 0.5 0.9958230107771043 0.00029474691329963565 0.9880352499436738 1.0075785651818119 0.9955231394872996 0.00029987128980468736
60129.94089479842 4.5 0.5 0.9964499688068509 0.0002947715744132543 0.9888683709402871 1.0075782608948434 0.9963622734459313 8.769536091957075e-05
60129.94137818041 4.5 0.5 0.9970229987129302 0.00029488314345245615 0.9897018152309016 1.0075779566078704 0.997201732641452 -0.00017873392852174597
60129.941861562394 4.5 0.5 0.9981171901918273 0.0002950240156023822 0.9905319210348311 1.007577652320902 0.9980378275451881 7.936264663921389e-05
60129.94234494438 4.5 0.5 0.9986876647372773 0.000295169330758688 0.9913551466055293 1.0075773480339334 0.9988669895765904 -0.00017932483931304422
60129.94282832636 4.5 0.5 0.9997356086056047 0.00029534128000912967 0.9921680230754623 1.007577043746965 0.9996857235906449 4.9885014959838436e-05
60129.943311708346 4.5 0.5 1.000635244613914 0.00029541011383952095 0.9929671099020206 1.0075767394599966 1.000490562986094 0.00014468162781988703
60129.94379509033 4.5 0.5 1.0015092830879138 0.00029552098157828156 0.993748949948182 1.007576435173028 1.001278024445729 0.00023125864218465075
60129.94427847232 4.5 0.5 1.0016108769860395 0.00029556110522494135 0.9945100211776724 1.0075761308860551 1.002044559265608 -0.0004336822795685258
60129.944761854305 4.5 0.5 1.002463124238409 0.0002957393537423393 0.9952466811787524 1.0075758265990866 1.002786497458679 -0.00032337322027009563
60129.94524523629 4.5 0.5 1.0028810773554442 0.000295755549060076 0.9959550995453594 1.007575522312118 1.003499979623833 -0.000618902268388899
60129.94572861828 4.5 0.5 1.0042148022420452 0.00029593410626045234 0.9966311700462779 1.0075752180251452 1.004180868450034 3.3933792011220376e-05
60129.94621200026 4.5 0.5 1.0053455417665567 0.000296079501335889 0.9972703896726116 1.0075749137381813 1.004824626848024 0.0005209149185325668
60129.94669538224 4.5 0.5 1.005634292209704 0.0002961736818734104 0.997867681357331 1.0075746094512128 1.0054261393276 0.0002081528821038514
60129.94717876423 4.5 0.5 1.0060460256999735 0.00029618046989978976 0.9984171143302542 1.0075743051642398 1.0059794302353913 6.659546458220866e-05
60129.947662146216 4.5 0.5 1.0064171682214549 0.0002962334392325162 0.9989114226061757 1.0075740008772713 1.0064771785973112 -6.001037585634528e-05
60129.9481455282 4.5 0.5 1.006621701828003 0.0002962587659796846 0.9993410684514835 1.0075736965903028 1.0069097744941642 -0.00028807266616115434
60129.948628910184 4.5 0.5 "" "" 0.9996920427610054 1.0075733923033343 1.0072631027833563 ""
60129.94911229216 4.5 0.5 1.0079085764316977 0.0002964860778373281 0.9999383812634958 1.0075730880163705 1.0075110026357512 0.0003975737959465153
60129.94959567415 4.5 0.5 1.0077382591453565 0.0002964111876772857 1.0 1.0075727837293975 1.0075727837293975 0.0001654754159590155
60129.950079056136 4.5 0.5 1.0073947748857996 0.00029649678854428135 1.0 1.007572479442429 1.007572479442429 -0.00017770455662935447
60129.95056243812 4.5 0.5 1.0071279871772991 0.0002963937797217066 1.0 1.0075721751554607 1.0075721751554607 -0.00044418797816159206
60129.95104582011 4.5 0.5 1.0076699723021327 0.00029646639190871637 1.0 1.0075718708684875 1.0075718708684875 9.810143364519242e-05
60129.951529202095 4.5 0.5 1.0077066400322499 0.00029646739611798094 1.0 1.007571566581519 1.007571566581519 0.0001350734507308271
60129.95201258408 4.5 0.5 1.007603577245685 0.00029643265586708033 1.0 1.0075712622945507 1.0075712622945507 3.2314951134315706e-05
60129.95249596606 4.5 0.5 1.0074746650571191 0.00029633756894951606 1.0 1.0075709580075822 1.0075709580075822 -9.629295046309494e-05
60129.95297934805 4.5 0.5 1.0076607738567962 0.0002964832938702026 1.0 1.0075706537206137 1.0075706537206137 9.012013618248105e-05
60129.95346273003 4.5 0.5 1.007901154750369 0.00029650342531515965 1.0 1.0075703494336452 1.0075703494336452 0.0003308053167236924
60129.95394611202 4.5 0.5 1.0077957036106546 0.00029645359971583983 1.0 1.0075700451466723 1.0075700451466723 0.00022565846398237
60129.954429494006 4.5 0.5 1.007893163286911 0.0002964722430596696 1.0 1.0075697408597037 1.0075697408597037 0.0003234224272072872
60129.95491287599 4.5 0.5 1.0078293668195184 0.00029651704302624093 1.0 1.0075694365727355 1.0075694365727355 0.00025993024678294674
60129.95539625798 4.5 0.5 1.0076771251119465 0.00029639769597120656 1.0 1.0075691322857623 1.0075691322857623 0.00010799282618423334
60129.95587963996 4.5 0.5 1.0076884677059736 0.00029638450101924087 1.0 1.0075688279987984 1.0075688279987984 0.000119639707175212
60129.95636302194 4.5 0.5 1.0072558068757231 0.0002964079899412106 1.0 1.00756852371183 1.00756852371183 -0.0003127168361067856
60129.95684640393 4.5 0.5 1.00722661853757 0.00029633298363543434 1.0 1.007568219424857 1.007568219424857 -0.0003416008872869636
60129.95732978592 4.5 0.5 1.007913572694194 0.00029650470209196855 1.0 1.0075679151378885 1.0075679151378885 0.00034565755630544537
60129.9578131679 4.5 0.5 1.0074646007660564 0.00029639422216119483 1.0 1.0075676108509202 1.0075676108509202 -0.00010301008486379715
60129.95829654989 4.5 0.5 1.0076543454286577 0.0002964481988257066 1.0 1.007567306563947 1.007567306563947 8.703886471073119e-05
60129.958779931876 4.5 0.5 1.007780582307825 0.0002964503571922591 1.0 1.0075670022769785 1.0075670022769785 0.00021358003084648303
60129.95926331385 4.5 0.5 1.007425407435998 0.0002963964914166281 1.0 1.0075666979900146 1.0075666979900146 -0.00014129055401657098
60129.95974669584 4.5 0.5 1.0078152910583638 0.0002964442317977676 1.0 1.0075663937030463 1.0075663937030463 0.0002488973553174123
60129.96023007782 4.5 0.5 1.0073799021789347 0.0002963934156413146 1.0 1.0075660894160778 1.0075660894160778 -0.00018618723714314278
60129.96071345981 4.5 0.5 1.0078326056444349 0.0002965000131788398 1.0 1.0075657851291047 1.0075657851291047 0.0002668205153302239
60129.961196841796 4.5 0.5 1.0072018278995862 0.00029637574542859296 1.0 1.0075654808421364 1.0075654808421364 -0.00036365294255014113
60129.96168022378 4.5 0.5 1.0075633896334393 0.0002964848341675094 1.0 1.0075651765551679 1.0075651765551679 -1.7869217285859662e-06
60129.96216360577 4.5 0.5 1.007335037817488 0.00029638492983697544 1.0 1.007564872268195 1.007564872268195 -0.00022983445070701158
60129.962646987755 4.5 0.5 1.007327829434471 0.0002964466782985613 1.0 1.0075645679812264 1.0075645679812264 -0.00023673854675543282
60129.96313036973 4.5 0.5 1.0077861841278155 0.0002964428547963069 1.0 1.0075642636942626 1.0075642636942626 0.00022192043355295787
60129.96361375172 4.5 0.5 1.0066488340680024 0.0002963474193207063 1.0 1.0075639594072894 1.0075639594072894 -0.0009151253392869485
60129.96409713371 4.5 0.5 1.0074094455323195 0.0002963602752709487 1.0 1.007563655120321 1.007563655120321 -0.0001542095880016081
60129.96458051569 4.5 0.5 1.0075313532515 0.00029646308370149675 1.0 1.0075633508333526 1.0075633508333526 -3.1997581852571955e-05
60129.96506389768 4.5 0.5 1.0073535308206425 0.00029637546645476574 1.0 1.0075630465463796 1.0075630465463796 -0.0002095157257371305
60129.965547279666 4.5 0.5 1.006974015037493 0.00029643996558032486 1.0 1.0075627422594111 1.0075627422594111 -0.0005887272219180506
60129.96603066165 4.5 0.5 1.0075769440725857 0.00029641772683722506 1.0 1.0075624379724426 1.0075624379724426 1.4506100143085732e-05
60129.966514043634 4.5 0.5 1.0076845359315012 0.0002963556505449976 1.0 1.007562133685474 1.007562133685474 0.00012240224602710903
60129.96699742562 4.5 0.5 1.0073435388634604 0.00029637358564206046 1.0 1.0075618293985058 1.0075618293985058 -0.00021829053504540674
60129.9674808076 4.5 0.5 1.008001900481568 0.00029643655864888477 1.0 1.0075615251115373 1.0075615251115373 0.0004403753700306101
60129.96796418959 4.5 0.5 1.0073522323380737 0.0002964437098249178 1.0 1.0075612208245641 1.0075612208245641 -0.00020898848649042456
60129.96844757158 4.5 0.5 "" "" 1.0 1.0075609165375958 1.0075609165375958 ""
60129.96893095356 4.5 0.5 1.007623838358932 0.0002965281103930206 1.0 1.0075606122506273 1.0075606122506273 6.322610830467035e-05
60129.96941433555 4.5 0.5 1.0076562503109634 0.0002964640554411072 1.0 1.0075603079636544 1.0075603079636544 9.59423473090304e-05
60129.96989771753 4.5 0.5 1.0076345951685806 0.0002964880748133304 1.0 1.0075600036766905 1.0075600036766905 7.459149189004144e-05
60129.97038109951 4.5 0.5 1.0079908851301986 0.0002965430368696629 1.0 1.007559699389722 1.007559699389722 0.00043118574047662506
60129.9708644815 4.5 0.5 1.0076122841048611 0.00029640113115702676 1.0 1.0075593951027535 1.0075593951027535 5.28890021076478e-05
60129.97134786348 4.5 0.5 1.0072664665125224 0.00029649942642240523 1.0 1.007559090815785 1.007559090815785 -0.0002926243032626008
60129.97183124547 4.5 0.5 1.0071211038133423 0.0002963686033258321 1.0 1.007558786528812 1.007558786528812 -0.0004376827154697338
60129.972314627455 4.5 0.5 1.007800925407152 0.0002965093632947186 1.0 1.0075584822418435 1.0075584822418435 0.00024244316530852572
60129.97279800944 4.5 0.5 1.0078647974970638 0.000296493572006215 1.0 1.007558177954875 1.007558177954875 0.00030661954218880183
60129.97328139143 4.5 0.5 1.0074501246573087 0.0002964175523529553 1.0 1.007557873667902 1.007557873667902 -0.00010774901059340536
60129.973764773415 4.5 0.5 1.0068594290167339 0.0002962538364293735 1.0 1.0075575693809335 1.0075575693809335 -0.0006981403641996842
60129.97424815539 4.5 0.5 1.0070313736464032 0.0002963391482174235 1.0 1.0075572650939697 1.0075572650939697 -0.0005258914475665399
60129.97473153738 4.5 0.5 1.0075115144214308 0.00029645027582658214 1.0 1.0075569608069967 1.0075569608069967 -4.544638556591707e-05
60129.97521491937 4.5 0.5 1.0073346595460584 0.0002964432997010643 1.0 1.0075566565200282 1.0075566565200282 -0.0002219969739698513
60129.97569830135 4.5 0.5 1.007676368714214 0.00029643724010846 1.0 1.0075563522330597 1.0075563522330597 0.00012001648115433916
60129.97618168334 4.5 0.5 1.0075765030245736 0.0002964806241068511 1.0 1.0075560479460868 1.0075560479460868 2.0455078486802947e-05
60129.976665065326 4.5 0.5 1.007240926151299 0.00029639671215640783 1.0 1.0075557436591183 1.0075557436591183 -0.0003148175078193649
60129.97714844731 4.5 0.5 1.007695409933787 0.00029645218473199896 1.0 1.00755543937215 1.00755543937215 0.00013997056163694843
60129.9776318293 4.5 0.5 1.0074414056464813 0.00029634187600554614 1.0 1.0075551350851768 1.0075551350851768 -0.00011372943869547569
60129.97811521128 4.5 0.5 1.0072309262427013 0.00029635126178192137 1.0 1.007554830798213 1.007554830798213 -0.0003239045555116782
60129.97859859326 4.5 0.5 1.0076087422026605 0.0002964517409531329 1.0 1.0075545265112444 1.0075545265112444 5.421569141605964e-05
60129.97908197525 4.5 0.5 1.0076968278481806 0.0002964576500819805 1.0 1.0075542222242715 1.0075542222242715 0.00014260562390910891
60129.97956535724 4.5 0.5 1.0078407315529896 0.0002964384263774287 1.0 1.007553917937303 1.007553917937303 0.0002868136156866097
60129.98004873922 4.5 0.5 1.0078050104463825 0.0002964839902482008 1.0 1.0075536136503345 1.0075536136503345 0.0002513967960480201
60129.98053212121 4.5 0.5 1.0079535645997821 0.0002964650717458933 1.0 1.0075533093633615 1.0075533093633615 0.00040025523642062133
60129.98101550319 4.5 0.5 1.0073846821496766 0.0002964311059422817 1.0 1.0075530050763977 1.0075530050763977 -0.00016832292672108728
60129.98149888518 4.5 0.5 1.0072707539109997 0.00029650779123796436 1.0 1.0075527007894247 1.0075527007894247 -0.0002819468784249768
60129.981982267156 4.5 0.5 1.0077066854300025 0.000296435434410268 1.0 1.0075523965024606 1.0075523965024606 0.00015428892754187906
60129.98246564914 4.5 0.5 1.007822779594685 0.00029646867662557434 1.0 1.0075520922154924 1.0075520922154924 0.00027068737919266894
60129.98294903113 4.5 0.5 1.0073658578425073 0.0002964353173893891 1.0 1.0075517879285192 1.0075517879285192 -0.00018593008601186511
60129.983432413115 4.5 0.5 1.0080163922004464 0.00029650630113260955 1.0 1.007551483641551 1.007551483641551 0.00046490855889547156
60129.9839157951 4.5 0.5 1.007638728115607 0.00029646488563644425 1.0 1.0075511793545824 1.0075511793545824 8.754876102456954e-05
60129.98439917709 4.5 0.5 1.0075142440938571 0.0002964295710059759 1.0 1.0075508750676094 1.0075508750676094 -3.663097375228297e-05
60129.984882559074 4.5 0.5 1.0077019304228876 0.0002965006332733898 1.0 1.007550570780641 1.007550570780641 0.00015135964224666232
60129.98536594106 4.5 0.5 1.0075244421392338 0.00029643324539490283 1.0 1.0075502664936724 1.0075502664936724 -2.582435443865272e-05
60129.98584932305 4.5 0.5 1.0069983501010875 0.00029634717427545873 1.0 1.0075499622066995 1.0075499622066995 -0.0005516121056119427
60129.986332705026 4.5 0.5 1.0074249224894773 0.0002964363181544257 1.0 1.0075496579197356 1.0075496579197356 -0.0001247354302582604
60129.98681608701 4.5 0.5 1.0076442347031842 0.0002963907349960106 1.0 1.007549353632767 1.007549353632767 9.48810704171077e-05
60129.987299469 4.5 0.5 1.0069490947856787 0.00029644238979313983 1.0 1.007549049345794 1.007549049345794 -0.0005999545601151901
60129.987782850985 4.5 0.5 1.0076242905793424 0.0002964638042465891 1.0 1.0075487450588256 1.0075487450588256 7.554552051680652e-05
60129.98826623297 4.5 0.5 1.0071680722164964 0.00029636407203952275 1.0 1.0075484407718571 1.0075484407718571 -0.00038036855536072167
60129.98874961496 4.5 0.5 1.0077338553650115 0.00029642873097307764 1.0 1.0075481364848842 1.0075481364848842 0.00018571888012730575
60129.989232996944 4.5 0.5 1.0075429104542952 0.0002964681730483037 1.0 1.0075478321979157 1.0075478321979157 -4.9217436204340714e-06
60129.98971637893 4.5 0.5 1.0077136305274537 0.0002964739897603338 1.0 1.0075475279109471 1.0075475279109471 0.0001661026165065138
60129.99019976092 4.5 0.5 1.0072187484855173 0.00029639741059192813 1.0 1.0075472236239742 1.0075472236239742 -0.00032847513845690735
60129.990683142896 4.5 0.5 1.0076009360774516 0.0002964692678985974 1.0 1.0075469193370103 1.0075469193370103 5.401674044125393e-05
60129.99116652488 4.5 0.5 1.007364972643166 0.00029643864857977186 1.0 1.0075466150500418 1.0075466150500418 -0.00018164240687590372
60129.99164990687 4.5 0.5 1.0076245527301957 0.00029645386663269753 1.0 1.0075463107630689 1.0075463107630689 7.824196712680198e-05
60129.99213328885 4.5 0.5 1.0077654700697445 0.0002964831388943721 1.0 1.0075460064761048 1.0075460064761048 0.00021946359363966828
60129.99261667084 4.5 0.5 1.0075517897813835 0.00029646019950999914 1.0 1.0075457021891319 1.0075457021891319 6.087592251624585e-06
60129.99310005282 4.5 0.5 1.0073801613447122 0.00029638709600853446 1.0 1.0075453979021634 1.0075453979021634 -0.00016523655745115384
60129.99358343481 4.5 0.5 1.007800716181597 0.0002965330412110014 1.0 1.007545093615195 1.007545093615195 0.00025562256640188075
60129.9940668168 4.5 0.5 1.0071400810350177 0.0002963720726395505 1.0 1.007544789328222 1.007544789328222 -0.000404708293204159
60129.99455019878 4.5 0.5 1.007111606532903 0.0002964405960721796 1.0 1.0075444850412534 1.0075444850412534 -0.0004328785083502762
60129.99503358076 4.5 0.5 1.007251898129243 0.00029641916457686523 1.0 1.0075441807542895 1.0075441807542895 -0.0002922826250464361
60129.99551696275 4.5 0.5 1.0071860683796183 0.0002963843273011707 1.0 1.0075438764673166 1.0075438764673166 -0.00035780808769825256
60129.996000344734 4.5 0.5 1.0079204113960503 0.0002965033969143593 1.0 1.007543572180348 1.007543572180348 0.00037683921570219603
60129.99648372672 4.5 0.5 1.0078894320285898 0.00029644181918375934 1.0 1.0075432678933798 1.0075432678933798 0.0003461641352100475
60129.99696710871 4.5 0.5 1.0077334709037786 0.00029655290840771125 1.0 1.0075429636064066 1.0075429636064066 0.00019050729737202232
60129.99745049069 4.5 0.5 1.0072220072565499 0.00029644675706419596 1.0 1.007542659319438 1.007542659319438 -0.000320652062888227
60129.99793387268 4.5 0.5 1.0076932982544073 0.0002963717433740637 1.0 1.0075423550324698 1.0075423550324698 0.0001509432219375384
60129.99841725467 4.5 0.5 1.0072487141292468 0.0002964168876321278 1.0 1.0075420507454966 1.0075420507454966 -0.00029333661624986185
60129.99890063665 4.5 0.5 1.0079802161029132 0.00029650147236655436 1.0 1.0075417464585283 1.0075417464585283 0.0004384696443848757
60129.999384018636 4.5 0.5 1.0075830812602982 0.00029647217689125765 1.0 1.0075414421715598 1.0075414421715598 4.163908873833222e-05
60129.99986740062 4.5 0.5 1.0074217293796037 0.00029646337966141706 1.0 1.0075411378845913 1.0075411378845913 -0.00011940850498759481
60130.000350782604 4.5 0.5 1.0076109438047587 0.00029643298134579506 1.0 1.0075408335976228 1.0075408335976228 7.011020713587612e-05
60130.00083416459 4.5 0.5 1.0076151637070507 0.0002964742802940224 1.0 1.0075405293106545 1.0075405293106545 7.46343963962115e-05
60130.00131754658 4.5 0.5 1.007512535006328 0.00029642138765152194 1.0 1.0075402250236813 1.0075402250236813 -2.7690017353254603e-05
60130.00180092856 4.5 0.5 1.0078708303244333 0.00029644962242982936 1.0 1.0075399207367128 1.0075399207367128 0.00033090958772041823
60130.00228431055 4.5 0.5 1.0075821112216292 0.0002964383706531676 1.0 1.0075396164497445 1.0075396164497445 4.249477188467132e-05
60130.00276769254 4.5 0.5 1.0073498711431041 0.00029642566637885987 1.0 1.0075393121627714 1.0075393121627714 -0.0001894410196672247
60130.003251074515 4.5 0.5 1.007664102015903 0.0002964203241404913 1.0 1.0075390078758075 1.0075390078758075 0.00012509414009542752
60130.003734456506 4.5 0.5 1.0077041028410012 0.0002964634909554981 1.0 1.0075387035888346 1.0075387035888346 0.00016539925216663143
60130.00421783849 4.5 0.5 1.007877642892986 0.0002965094536108739 1.0 1.007538399301866 1.007538399301866 0.0003392435911200309
60130.004701220474 4.5 0.5 1.0075272557712927 0.000296418669726563 1.0 1.0075380950148976 1.0075380950148976 -1.083924360489874e-05
60130.00518460246 4.5 0.5 1.007394000945538 0.0002963610496260439 1.0 1.0075377907279293 1.0075377907279293 -0.00014378978239126816
60130.00566798444 4.5 0.5 1.007231261398911 0.00029642458976732 1.0 1.0075374864409608 1.0075374864409608 -0.0003062250420498014
60130.006151366426 4.5 0.5 1.0077530221531312 0.00029646577256201327 1.0 1.0075371821539922 1.0075371821539922 0.00021583999913898921
60130.00663474842 4.5 0.5 1.0078801790194545 0.0002964928364427989 1.0 1.0075368778670193 1.0075368778670193 0.00034330115243519366
60130.0071181304 4.5 0.5 1.0077365428283125 0.00029650292006114644 1.0 1.0075365735800508 1.0075365735800508 0.00019996924826171103
60130.007601512385 4.5 0.5 1.0076126925082582 0.0002964723082627632 1.0 1.0075362692930823 1.0075362692930823 7.642321517598027e-05
60130.008084894376 4.5 0.5 1.0070472838301836 0.0002963328044816745 1.0 1.0075359650061093 1.0075359650061093 -0.0004886811759257093
60130.00856827636 4.5 0.5 1.0073764546848212 0.0002964076018701088 1.0 1.0075356607191408 1.0075356607191408 -0.00015920603431962554
60130.009051658344 4.5 0.5 1.0076500076319643 0.0002965105013948486 1.0 1.0075353564321723 1.0075353564321723 0.00011465119979203742
60130.009535040335 4.5 0.5 1.0080455986123833 0.00029655016110347385 1.0 1.0075350521451993 1.0075350521451993 0.0005105464671839588
60130.01001842232 4.5 0.5 1.0075647412127409 0.00029639454951887925 1.0 1.0075347478582308 1.0075347478582308 2.9993354510038372e-05
60130.010501804296 4.5 0.5 1.0078367075641599 0.0002964979413552117 1.0 1.007534443571267 1.007534443571267 0.00030226399289290384
60130.01098518629 4.5 0.5 1.0071351271182218 0.0002964648580164615 1.0 1.007534139284294 1.007534139284294 -0.0003990121660721879
60130.01146856827 4.5 0.5 1.007810525027727 0.0002964755000843184 1.0 1.0075338349973255 1.0075338349973255 0.0002766900304014275
60130.011951950255 4.5 0.5 1.0079210683024804 0.0002964914103556195 1.0 1.007533530710357 1.007533530710357 0.0003875375921233992
60130.012435332246 4.5 0.5 1.0071760224523756 0.00029639707409344227 1.0 1.007533226423384 1.007533226423384 -0.00035720397100846846
60130.01291871423 4.5 0.5 1.00805778960735 0.00029654141482507516 1.0 1.0075329221364155 1.0075329221364155 0.000524867470934387
60130.013402096214 4.5 0.5 1.0072072221661421 0.0002964484248592227 1.0 1.0075326178494473 1.0075326178494473 -0.0003253956833051408
60130.0138854782 4.5 0.5 1.0070354557560153 0.0002963916194341326 1.0 1.0075323135624787 1.0075323135624787 -0.0004968578064634688
60130.01436886018 4.5 0.5 1.0076794286390511 0.00029635552627124684 1.0 1.0075320092755102 1.0075320092755102 0.00014741936354090157
60130.01485224217 4.5 0.5 1.0075722334454909 0.0002964415467463303 1.0 1.0075317049885373 1.0075317049885373 4.052845695357021e-05
60130.01533562416 4.5 0.5 1.007476833645652 0.00029648205539623836 1.0 1.0075314007015688 1.0075314007015688 -5.456705591666555e-05
60130.01581900614 4.5 0.5 1.0077178489701881 0.0002964503206439088 1.0 1.0075310964146003 1.0075310964146003 0.00018675255558786574
60130.016302388125 4.5 0.5 1.0073576767290486 0.0002964460934915139 1.0 1.007530792127632 1.007530792127632 -0.00017311539858333447
60130.01678577011 4.5 0.5 1.0080821871382974 0.00029653362357779273 1.0 1.0075304878406635 1.0075304878406635 0.0005516992976339896
60130.01726915209 4.5 0.5 1.0077516697015632 0.00029651468053827515 1.0 1.007530183553695 1.007530183553695 0.00022148614786821064
60130.017752534084 4.5 0.5 1.00752747419909 0.0002964114690452726 1.0 1.007529879266722 1.007529879266722 -2.4050676319387065e-06
60130.01823591607 4.5 0.5 1.0067379901609526 0.00029634839118385743 1.0 1.0075295749797535 1.0075295749797535 -0.0007915848188009278
60130.01871929805 4.5 0.5 1.007284718254212 0.0002963108080407829 1.0 1.007529270692785 1.007529270692785 -0.0002445524385730202
60130.01920268004 4.5 0.5 1.0072141222924276 0.000296427689319708 1.0 1.007528966405812 1.007528966405812 -0.0003148441133844493
60130.01968606203 4.5 0.5 1.0081872823925402 0.0002965026114634793 1.0 1.0075286621188435 1.0075286621188435 0.0006586202736966751
60130.02016944401 4.5 0.5 1.0075048197759489 0.00029642336745382516 1.0 1.007528357831875 1.007528357831875 -2.353805592614222e-05
60130.020652826 4.5 0.5 1.0073602403361424 0.0002964143737207173 1.0 1.007528053544902 1.007528053544902 -0.00016781320875969286
60130.021136207986 4.5 0.5 1.0075421859367566 0.00029647148004125856 1.0 1.0075277492579335 1.0075277492579335 1.4436678823059879e-05
60130.02161958997 4.5 0.5 1.0076728880401185 0.0002964649071876944 1.0 1.007527444970965 1.007527444970965 0.00014544306915342808
60130.02210297196 4.5 0.5 1.0071696830885468 0.0002963171099105003 1.0 1.007527140683992 1.007527140683992 -0.00035745759544525413
60130.02258635394 4.5 0.5 1.007183362603783 0.0002963493508685729 1.0 1.0075268363970282 1.0075268363970282 -0.0003434737932452858
60130.02306973592 4.5 0.5 1.0077580410240616 0.00029650210663858287 1.0 1.0075265321100597 1.0075265321100597 0.00023150891400192108
60130.02355311791 4.5 0.5 1.0072626953761488 0.00029637019378695237 1.0 1.0075262278230868 1.0075262278230868 -0.0002635324469379974
60130.0240364999 4.5 0.5 1.0078610402869728 0.000296532547995813 1.0 1.0075259235361183 1.0075259235361183 0.00033511675085451387
60130.02451988188 4.5 0.5 1.0073063988099564 0.00029640076243250216 1.0 1.0075256192491497 1.0075256192491497 -0.0002192204391933128
60130.025003263865 4.5 0.5 1.0078738032597914 0.0002964990549083853 1.0 1.0075253149621815 1.0075253149621815 0.00034848829760991684
60130.02548664585 4.5 0.5 1.0070595521368637 0.00029642723482069944 1.0 1.007525010675213 1.007525010675213 -0.00046545853834922823
60130.02597002784 4.5 0.5 1.007236281898469 0.0002963724152231111 1.0 1.00752470638824 1.00752470638824 -0.00028842448977095536
60130.026453409824 4.5 0.5 1.007401336520448 0.0002964245214910876 1.0 1.0075244021012715 1.0075244021012715 -0.0001230655808235337
60130.02693679181 4.5 0.5 1.0076028746198165 0.00029651541088670483 1.0 1.007524097814303 1.007524097814303 7.877680551349187e-05
60130.0274201738 4.5 0.5 1.0072914035928329 0.0002964080981072395 1.0 1.00752379352733 1.00752379352733 -0.00023238993449714584
60130.02790355578 4.5 0.5 1.0077986483276877 0.00029647404043881703 1.0 1.0075234892403615 1.0075234892403615 0.0002751590873262266
60130.02838693777 4.5 0.5 1.0077262431485638 0.0002964948094518283 1.0 1.007523184953393 1.007523184953393 0.00020305819517085766
60130.02887031976 4.5 0.5 1.0076041166727692 0.0002964585864563645 1.0 1.00752288066642 1.00752288066642 8.123600634912798e-05
60130.029353701735 4.5 0.5 1.0073216123543272 0.0002964140482243455 1.0 1.0075225763794562 1.0075225763794562 -0.00020096402512903566
60130.02983708372 4.5 0.5 1.0073335820899683 0.0002964540904879379 1.0 1.0075222720924877 1.0075222720924877 -0.00018869000251942047
60130.03032046571 4.5 0.5 1.0075163980183997 0.0002964988038728332 1.0 1.0075219678055147 1.0075219678055147 -5.569787115078384e-06
60130.030803847694 4.5 0.5 1.007759188229472 0.0002964096104923455 1.0 1.0075216635185462 1.0075216635185462 0.0002375247109258627
60130.03128722968 4.5 0.5 1.0075316560540288 0.00029640628321423964 1.0 1.0075213592315777 1.0075213592315777 1.0296822451127952e-05
60130.03177061167 4.5 0.5 1.0074676383088201 0.00029648659302342577 1.0 1.0075210549446048 1.0075210549446048 -5.341663578461997e-05
60130.03225399365 4.5 0.5 1.0078281400939935 0.0002964472531759613 1.0 1.0075207506576362 1.0075207506576362 0.0003073894363572194
60130.03273737564 4.5 0.5 1.0078691486471554 0.00029644746186387964 1.0 1.0075204463706677 1.0075204463706677 0.0003487022764876446
60130.03322075763 4.5 0.5 1.0072721039324009 0.00029645189937526023 1.0 1.0075201420836948 1.0075201420836948 -0.0002480381512939278
60130.03370413961 4.5 0.5 1.00757197835959 0.0002964425310742506 1.0 1.0075198377967263 1.0075198377967263 5.214056286373392e-05
60130.034187521596 4.5 0.5 1.007909342361186 0.0002965324564614187 1.0 1.0075195335097578 1.0075195335097578 0.0003898088514282527
60130.03467090359 4.5 0.5 1.0073607258228146 0.00029641501915393675 1.0 1.0075192292227848 1.0075192292227848 -0.00015850339997025564
60130.03515428557 4.5 0.5 1.007852595000571 0.00029646354657268843 1.0 1.0075189249358163 1.0075189249358163 0.00033367006475470973
60130.035637667555 4.5 0.5 1.0070322092799757 0.00029639532694801545 1.0 1.007518620648848 1.007518620648848 -0.000486411368872286
60130.03612104954 4.5 0.5 1.0080232327900553 0.00029646681047138483 1.0 1.0075183163618795 1.0075183163618795 0.00050491642817585
60130.03660443152 4.5 0.5 1.0078330726921023 0.000296446066175078 1.0 1.007518012074911 1.007518012074911 0.0003150606171913317
60130.03708781351 4.5 0.5 1.0076031709622595 0.0002964447303831912 1.0 1.0075177077879425 1.0075177077879425 8.546317431701311e-05
60130.03757119549 4.5 0.5 1.0078553698335475 0.00029648107544383767 1.0 1.0075174035009742 1.0075174035009742 0.0003379663325733251
60130.038054577475 4.5 0.5 1.0075688822927604 0.0002963818409872823 1.0 1.0075170992140057 1.0075170992140057 5.178307875475241e-05
