# %ECSV 1.0
# ---
# datatype:
# - {name: time, datatype: float64}
# - {name: wavelength, datatype: float64}
# - {name: bin_width, datatype: float64}
# - {name: lcdata, datatype: float64}
# - {name: lcerr, datatype: float64}
# - {name: transit, datatype: float64}
# - {name: polynom, datatype: float64}
# - {name: model, datatype: float64}
# - {name: residuals, datatype: float64}
# schema: astropy-2.0
time wavelength bin_width lcdata lcerr transit polynom model residuals
60129.76059331822 4.5 0.5 1.0078430255563875 0.0002973330392183133 1.0 1.007689949561802 1.007689949561802 0.00015307599458558308
60129.761076700204 4.5 0.5 1.008147473872345 0.000297310397076101 1.0 1.0076896460476212 1.0076896460476212 0.000457827824723811
60129.76156008219 4.5 0.5 1.0078243739583732 0.00029723069989849663 1.0 1.0076893425334403 1.0076893425334403 0.00013503142493287434
60129.76204346417 4.5 0.5 1.0079724352732713 0.00029732467901011687 1.0 1.0076890390192594 1.0076890390192594 0.0002833962540118584
60129.76252684616 4.5 0.5 1.0079573177408487 0.00029737257008818744 1.0 1.007688735505074 1.007688735505074 0.00026858223577463924
60129.76301022813 4.5 0.5 1.008093533182898 0.0002973471507407946 1.0 1.0076884319909025 1.0076884319909025 0.00040510119199543837
60129.763493610124 4.5 0.5 1.008416625829563 0.000297388111597578 1.0 1.0076881284767172 1.0076881284767172 0.0007284973528458583
60129.76397699211 4.5 0.5 1.007237319539464 0.0002971794673054511 1.0 1.0076878249625363 1.0076878249625363 -0.00045050542307234487
60129.764460374085 4.5 0.5 1.007498163364448 0.0002972246183740468 1.0 1.00768752144836 1.00768752144836 -0.00018935808391207232
60129.764943756076 4.5 0.5 1.0081904212220976 0.0002973280642634022 1.0 1.0076872179341747 1.0076872179341747 0.0005032032879228598
60129.76542713806 4.5 0.5 1.0073563254505475 0.0002972980575625252 1.0 1.0076869144199938 1.0076869144199938 -0.00033058896944626603
60129.765910520044 4.5 0.5 1.0077242696008128 0.0002973144171900433 1.0 1.007686610905813 1.007686610905813 3.7658694999942455e-05
60129.76639390203 4.5 0.5 1.0079104308037556 0.0002973296536936809 1.0 1.0076863073916322 1.0076863073916322 0.00022412341212341147
60129.76687728401 4.5 0.5 1.0079000109497693 0.0002972756743171751 1.0 1.0076860038774513 1.0076860038774513 0.00021400707231800098
60129.767360665996 4.5 0.5 1.007455244599885 0.00029722809048620454 1.0 1.0076857003632707 1.0076857003632707 -0.00023045576338565077
60129.76784404798 4.5 0.5 1.0076857349953754 0.00029727587123322023 1.0 1.0076853968490898 1.0076853968490898 3.3814628563888505e-07
60129.76832742996 4.5 0.5 1.0075629816360292 0.0002973045752065295 1.0 1.0076850933349089 1.0076850933349089 -0.00012211169887965667
60129.76881081195 4.5 0.5 1.007791397258204 0.0002972907099159396 1.0 1.0076847898207282 1.0076847898207282 0.00010660743747581414
60129.76929419393 4.5 0.5 1.008264104275289 0.0002974020854561312 1.0 1.0076844863065473 1.0076844863065473 0.0005796179687416192
60129.769777575915 4.5 0.5 1.007871687565421 0.00029726929919747226 1.0 1.0076841827923666 1.0076841827923666 0.00018750477305440327
60129.7702609579 4.5 0.5 1.0083308003491247 0.00029740941264153666 1.0 1.0076838792781857 1.0076838792781857 0.0006469210709389994
60129.77074433989 4.5 0.5 1.007726758660397 0.0002972903712038798 1.0 1.0076835757640004 1.0076835757640004 4.318289639670958e-05
60129.77122772187 4.5 0.5 1.007861040962877 0.0002973260412708398 1.0 1.0076832722498241 1.0076832722498241 0.00017776871305286157
60129.77171110385 4.5 0.5 1.00782170446474 0.00029725910119089195 1.0 1.0076829687356432 1.0076829687356432 0.00013873572909672838
60129.77219448584 4.5 0.5 1.0071877483298486 0.0002972570986697745 1.0 1.0076826652214579 1.0076826652214579 -0.0004949168916092983
60129.77267786782 4.5 0.5 1.0076747060438835 0.00029726048572889784 1.0 1.0076823617072816 1.0076823617072816 -7.655663398109525e-06
60129.7731612498 4.5 0.5 1.0074802313436444 0.0002972301011319729 1.0 1.0076820581931007 1.0076820581931007 -0.00020182684945635465
60129.77364463179 4.5 0.5 1.0074823312603478 0.0002972399353041827 1.0 1.00768175467892 1.00768175467892 -0.0001994234185722643
60129.77412801377 4.5 0.5 1.0079569208996202 0.00029732915488737044 1.0 1.0076814511647392 1.0076814511647392 0.00027546973488101756
60129.774611395755 4.5 0.5 1.0077991512752946 0.00029725685396673427 1.0 1.0076811476505585 1.0076811476505585 0.00011800362473612935
60129.77509477774 4.5 0.5 1.0078484615189407 0.000297367746668109 1.0 1.0076808441363776 1.0076808441363776 0.0001676173825631011
60129.77557815972 4.5 0.5 1.0078618489262576 0.0002972597474933518 1.0 1.0076805406221967 1.0076805406221967 0.00018130830406093423
60129.77606154171 4.5 0.5 1.0075477409470563 0.00029731551090703964 1.0 1.007680237108016 1.007680237108016 -0.00013249616095967198
60129.77654492369 4.5 0.5 1.007288107181657 0.0002972297466439253 1.0 1.0076799335938351 1.0076799335938351 -0.0003918264121780535
60129.777028305674 4.5 0.5 1.0074908065180055 0.00029719461222108446 1.0 1.0076796300796542 1.0076796300796542 -0.00018882356164873215
60129.777511687666 4.5 0.5 1.008048970714162 0.00029733832888558 1.0 1.0076793265654689 1.0076793265654689 0.0003696441486931157
60129.77799506964 4.5 0.5 1.0076309997473731 0.00029730266443388974 1.0 1.0076790230512926 1.0076790230512926 -4.802330391950882e-05
60129.778478451626 4.5 0.5 1.0074260182658166 0.0002972112980187537 1.0 1.007678719537112 1.007678719537112 -0.0002527012712953969
60129.77896183362 4.5 0.5 1.0078155146372882 0.0002972318610998853 1.0 1.0076784160229264 1.0076784160229264 0.00013709861436184134
60129.779445215594 4.5 0.5 1.008165223294998 0.00029727804029540877 1.0 1.0076781125087502 1.0076781125087502 0.0004871107862478574
60129.77992859758 4.5 0.5 1.008289188086821 0.00029737772435427235 1.0 1.0076778089945695 1.0076778089945695 0.0006113790922515072
60129.78041197957 4.5 0.5 1.0077511280345475 0.00029733633675484877 1.0 1.0076775054803842 1.0076775054803842 7.362255416332175e-05
60129.78089536155 4.5 0.5 1.0077715456773113 0.00029738138433243696 1.0 1.0076772019662033 1.0076772019662033 9.434371110805806e-05
60129.78137874353 4.5 0.5 1.0081385073515035 0.000297345818704642 1.0 1.007676898452027 1.007676898452027 0.00046160889947644
60129.78186212552 4.5 0.5 1.0072530000519286 0.00029723392118707095 1.0 1.0076765949378417 1.0076765949378417 -0.00042359488591303673
60129.782345507505 4.5 0.5 1.007515144428195 0.00029725184273520226 1.0 1.0076762914236608 1.0076762914236608 -0.0001611469954658773
60129.78282888948 4.5 0.5 1.0069188525612782 0.00029716134405967967 1.0 1.0076759879094845 1.0076759879094845 -0.000757135348206317
60129.78331227147 4.5 0.5 1.0072011439079136 0.00029719651764993974 1.0 1.0076756843952992 1.0076756843952992 -0.0004745404873855996
60129.78379565346 4.5 0.5 1.0074330318952822 0.00029729754895381646 1.0 1.0076753808811183 1.0076753808811183 -0.00024234898583608278
60129.78427903544 4.5 0.5 1.0073684720880445 0.0002972613025497396 1.0 1.0076750773669376 1.0076750773669376 -0.00030660527889314615
60129.78476241742 4.5 0.5 1.0075602204849854 0.0002972968251829882 1.0 1.0076747738527614 1.0076747738527614 -0.00011455336777599356
60129.7852457994 4.5 0.5 1.0075334643047686 0.0002972514924668176 1.0 1.0076744703385805 1.0076744703385805 -0.0001410060338118413
60129.78572918139 4.5 0.5 1.007261048084771 0.0002971617259722454 1.0 1.0076741668243951 1.0076741668243951 -0.0004131187396241298
60129.78621256337 4.5 0.5 1.0077218404116932 0.00029731358786353406 1.0 1.007673863310219 1.007673863310219 4.797710147430578e-05
60129.78669594535 4.5 0.5 1.0077891524526172 0.0002972374112339369 1.0 1.007673559796038 1.007673559796038 0.00011559265657923312
60129.787179327344 4.5 0.5 1.007613436004131 0.0002973064573584523 1.0 1.0076732562818527 1.0076732562818527 -5.9820277721778226e-05
60129.78766270933 4.5 0.5 1.0079633472185043 0.0002973521491099034 1.0 1.0076729527676718 1.0076729527676718 0.0002903944508325651
60129.788146091305 4.5 0.5 1.008310248088892 0.0002973653648850722 1.0 1.0076726492534955 1.0076726492534955 0.0006375988353963802
60129.788629473296 4.5 0.5 1.007008309521832 0.0002971897747302511 1.0 1.0076723457393102 1.0076723457393102 -0.0006640362174781256
60129.78911285528 4.5 0.5 1.0078118321061982 0.00029728270386339607 1.0 1.0076720422251295 1.0076720422251295 0.00013978988106866375
60129.78959623726 4.5 0.5 1.00732296904399 0.00029722063756998905 1.0 1.0076717387109533 1.0076717387109533 -0.0003487696669632889
60129.79007961925 4.5 0.5 1.0078501146773864 0.00029731210601011783 1.0 1.0076714351967677 1.0076714351967677 0.0001786794806186709
60129.79056300123 4.5 0.5 1.0083749606272563 0.00029735472191657237 1.0 1.007671131682587 1.007671131682587 0.0007038289446692492
60129.791046383216 4.5 0.5 1.007868254796247 0.0002973531189785554 1.0 1.0076708281684061 1.0076708281684061 0.00019742662784083542
60129.7915297652 4.5 0.5 1.007813741816391 0.00029727862892026 1.0 1.0076705246542255 1.0076705246542255 0.00014321716216558755
60129.792013147184 4.5 0.5 1.007691919743299 0.0002973114820285887 1.0 1.0076702211400446 1.0076702211400446 2.1698603254405313e-05
60129.79249652917 4.5 0.5 1.008289402179504 0.0002973168533529124 1.0 1.0076699176258637 1.0076699176258637 0.0006194845536402482
60129.79297991115 4.5 0.5 1.008129512983685 0.0002973374146484374 1.0 1.007669614111683 1.007669614111683 0.00045989887200192925
60129.793463293136 4.5 0.5 1.0076468795035354 0.0002973078904026625 1.0 1.007669310597502 1.007669310597502 -2.2431093966712723e-05
60129.79394667512 4.5 0.5 1.0073961721114044 0.00029719868667552453 1.0 1.0076690070833214 1.0076690070833214 -0.0002728349719169909
60129.79443005711 4.5 0.5 1.0070300744663117 0.0002972328848962208 1.0 1.0076687035691358 1.0076687035691358 -0.0006386291028241953
60129.79491343909 4.5 0.5 1.007398717260324 0.00029720409104857707 1.0 1.0076684000549596 1.0076684000549596 -0.0002696827946355729
60129.79539682107 4.5 0.5 1.0076698593098323 0.00029725846406596123 1.0 1.007668096540779 1.007668096540779 1.7627690533927876e-06
60129.795880203055 4.5 0.5 1.0073323092210045 0.00029726229837103324 1.0 1.007667793026598 1.007667793026598 -0.0003354838055935616
60129.79636358504 4.5 0.5 1.0075462501934118 0.00029727179969439734 1.0 1.0076674895124171 1.0076674895124171 -0.00012123931900531737
60129.79684696702 4.5 0.5 1.00761430948856 0.00029729822674617006 1.0 1.0076671859982365 1.0076671859982365 -5.2876509676558214e-05
60129.79733034901 4.5 0.5 1.0075066523607856 0.0002972437193753922 1.0 1.0076668824840556 1.0076668824840556 -0.00016023012326993324
60129.79781373099 4.5 0.5 1.0073941473650396 0.00029730236201340227 1.0 1.0076665789698749 1.0076665789698749 -0.00027243160483525486
60129.798297112975 4.5 0.5 1.007712151333502 0.00029724827136965565 1.0 1.007666275455694 1.007666275455694 4.587587780791047e-05
60129.79878049496 4.5 0.5 1.0076726698549547 0.00029728223654282645 1.0 1.007665971941513 1.007665971941513 6.697913441655601e-06
60129.79926387694 4.5 0.5 1.007270331919298 0.0002972322065050209 1.0 1.0076656684273324 1.0076656684273324 -0.00039533650803447173
60129.799747258934 4.5 0.5 1.0080838905797926 0.00029733811229366137 1.0 1.007665364913147 1.007665364913147 0.000418525666645575
60129.80023064091 4.5 0.5 1.007477374266258 0.00029722405452173355 1.0 1.0076650613989708 1.0076650613989708 -0.00018768713271288817
60129.800714022895 4.5 0.5 1.0072281319249259 0.0002972099883453358 1.0 1.00766475788479 1.00766475788479 -0.0004366259598640454
60129.801197404886 4.5 0.5 1.0077999907399704 0.0002973104818738241 1.0 1.0076644543706046 1.0076644543706046 0.00013553636936580737
60129.80168078687 4.5 0.5 1.0075293483037184 0.0002972579106834992 1.0 1.0076641508564237 1.0076641508564237 -0.00013480255270525987
60129.80216416885 4.5 0.5 1.0077188693582657 0.000297260546860853 1.0 1.0076638473422475 1.0076638473422475 5.502201601825796e-05
60129.80264755084 4.5 0.5 1.0076281577825 0.0002972655446224632 1.0 1.0076635438280621 1.0076635438280621 -3.538604556219127e-05
60129.80313093282 4.5 0.5 1.0072665431308734 0.0002972326502734852 1.0 1.0076632403138812 1.0076632403138812 -0.0003966971830078325
60129.8036143148 4.5 0.5 1.0076432598587741 0.0002972964136583222 1.0 1.007662936799705 1.007662936799705 -1.9676940930857256e-05
60129.80409769679 4.5 0.5 1.007406320256221 0.00029725982420989946 1.0 1.0076626332855196 1.0076626332855196 -0.0002563130292987381
60129.80458107877 4.5 0.5 1.008560790474598 0.00029735896733785707 1.0 1.007662329771339 1.007662329771339 0.0008984607032589409
60129.80506446076 4.5 0.5 1.008103492386318 0.00029730113714810584 1.0 1.007662026257158 1.007662026257158 0.00044146612915985095
60129.80554784274 4.5 0.5 1.008033832815316 0.0002973516863819743 1.0 1.0076617227429772 1.0076617227429772 0.0003721100723388382
60129.80603122472 4.5 0.5 1.0076784825141076 0.0002972605723583098 1.0 1.007661419228801 1.007661419228801 1.7063285306706533e-05
60129.80651460671 4.5 0.5 1.007886380697237 0.0002972816572548835 1.0 1.0076611157146156 1.0076611157146156 0.00022526498262132044
60129.80699798869 4.5 0.5 1.007813964570787 0.0002972850675762881 1.0 1.0076608122004347 1.0076608122004347 0.00015315237035240514
60129.80748137067 4.5 0.5 1.0073982308128384 0.0002972422094847471 1.0 1.0076605086862584 1.0076605086862584 -0.00026227787342003595
60129.80796475266 4.5 0.5 1.007613995830038 0.0002972691761726647 1.0 1.007660205172073 1.007660205172073 -4.620934203503069e-05
60129.808448134645 4.5 0.5 1.0078875161031637 0.00029732820645873766 1.0 1.0076599016578924 1.0076599016578924 0.00022761444527130692
60129.80893151663 4.5 0.5 1.0072177546812668 0.000297226074279377 1.0 1.0076595981437115 1.0076595981437115 -0.00044184346244469097
60129.80941489861 4.5 0.5 1.0073894482164412 0.00029720682691236123 1.0 1.0076592946295306 1.0076592946295306 -0.00026984641308946955
60129.8098982806 4.5 0.5 1.0082990135335912 0.0002973489131851546 1.0 1.00765899111535 1.00765899111535 0.0006400224182412373
60129.81038166258 4.5 0.5 1.007224656339417 0.0002972763366755814 1.0 1.007658687601169 1.007658687601169 -0.00043403126175212137
60129.810865044565 4.5 0.5 1.0071524413959974 0.0002972065004820176 1.0 1.0076583840869884 1.0076583840869884 -0.0005059426909910236
60129.81134842655 4.5 0.5 1.007831769621572 0.0002973348676583207 1.0 1.0076580805728075 1.0076580805728075 0.00017368904876446933
60129.81183180853 4.5 0.5 1.0076691176021868 0.0002973747427356096 1.0 1.0076577770586266 1.0076577770586266 1.1340543560223182e-05
60129.812315190524 4.5 0.5 1.0075162236157356 0.0002972652940558433 1.0 1.0076574735444412 1.0076574735444412 -0.00014124992870567787
60129.8127985725 4.5 0.5 1.007644264267093 0.0002972858141449373 1.0 1.007657170030265 1.007657170030265 -1.2905763171922047e-05
60129.813281954484 4.5 0.5 1.0075982381101272 0.0002972480184683781 1.0 1.0076568665160843 1.0076568665160843 -5.862840595716179e-05
60129.813765336476 4.5 0.5 1.007976809813521 0.0002972764784725626 1.0 1.0076565630018988 1.0076565630018988 0.00032024681162212687
60129.81424871846 4.5 0.5 1.0076374342342103 0.0002973196969915566 1.0 1.007656259487718 1.007656259487718 -1.8825253507825934e-05
60129.814732100436 4.5 0.5 1.007452006532861 0.00029724639109247647 1.0 1.0076559559735419 1.0076559559735419 -0.00020394944068091725
60129.81521548243 4.5 0.5 1.0084566886373802 0.0002974189959435666 1.0 1.0076556524593565 1.0076556524593565 0.0008010361780237396
60129.81569886441 4.5 0.5 1.0073910487643973 0.00029721790792270605 1.0 1.0076553489451756 1.0076553489451756 -0.00026430018077827633
60129.816182246395 4.5 0.5 1.0078416814899638 0.00029729889280551006 1.0 1.0076550454309947 1.0076550454309947 0.00018663605896906965
60129.81666562838 4.5 0.5 1.0077820356548959 0.00029731645511284633 1.0 1.007654741916814 1.007654741916814 0.00012729373808184619
60129.817149010356 4.5 0.5 1.0080755990845087 0.00029733884165379377 1.0 1.0076544384026378 1.0076544384026378 0.0004211606818709246
60129.81763239235 4.5 0.5 1.007577064452867 0.00029723600002214416 1.0 1.0076541348884522 1.0076541348884522 -7.707043558524695e-05
60129.81811577433 4.5 0.5 1.0076275270841222 0.0002972172974483748 1.0 1.0076538313742716 1.0076538313742716 -2.6304290149381515e-05
60129.81859915631 4.5 0.5 1.0076444621690646 0.0002973350181278272 1.0 1.0076535278600953 1.0076535278600953 -9.065691030762935e-06
60129.8190825383 4.5 0.5 1.007706714730357 0.00029723597785046284 1.0 1.00765322434591 1.00765322434591 5.3490384446908124e-05
60129.81956592028 4.5 0.5 1.0073557158711197 0.00029731917606045825 1.0 1.007652920831729 1.007652920831729 -0.0002972049606093652
60129.82004930226 4.5 0.5 1.007710219797186 0.00029728372375156364 1.0 1.0076526173175528 1.0076526173175528 5.7602479633045434e-05
60129.82053268425 4.5 0.5 1.007278885404919 0.00029720254635488954 1.0 1.0076523138033675 1.0076523138033675 -0.0003734283984484499
60129.821016066235 4.5 0.5 1.0074393516314595 0.00029724395506200907 1.0 1.0076520102891866 1.0076520102891866 -0.00021265865772712722
60129.82149944822 4.5 0.5 1.0077457461816814 0.00029743236610637084 1.0 1.007651706775006 1.007651706775006 9.40394066755168e-05
60129.8219828302 4.5 0.5 1.0077518733140043 0.00029721492958174406 1.0 1.007651403260825 1.007651403260825 0.00010047005317925795
60129.82246621219 4.5 0.5 1.0072800115442089 0.0002972800297883806 1.0 1.0076510997466441 1.0076510997466441 -0.00037108820243525464
60129.82294959417 4.5 0.5 1.0077553160366624 0.0002972385972737378 1.0 1.0076507962324635 1.0076507962324635 0.00010451980419889928
60129.82343297616 4.5 0.5 1.0083027986188025 0.00029725887763960417 1.0 1.0076504927182781 1.0076504927182781 0.0006523059005243415
60129.82391635814 4.5 0.5 1.0073472068853548 0.0002972613791039281 1.0 1.0076501892041019 1.0076501892041019 -0.00030298231874703596
60129.82439974012 4.5 0.5 1.0077864942193655 0.0002973613162700231 1.0 1.007649885689921 1.007649885689921 0.00013660852944452628
60129.82488312211 4.5 0.5 1.0074494967260372 0.00029722067054378175 1.0 1.0076495821757356 1.0076495821757356 -0.00020008544969840614
60129.8253665041 4.5 0.5 1.0070872685506262 0.0002971901962029288 1.0 1.0076492786615547 1.0076492786615547 -0.0005620101109284903
60129.825849886074 4.5 0.5 1.0076555472436226 0.00029726479079522666 1.0 1.0076489751473785 1.0076489751473785 6.5720962441062625e-06
60129.826333268065 4.5 0.5 1.0077912963228928 0.0002972940230109641 1.0 1.0076486716331932 1.0076486716331932 0.00014262468969961084
60129.82681665005 4.5 0.5 1.0076088459592825 0.00029728781649719107 1.0 1.0076483681190123 1.0076483681190123 -3.9522159729799e-05
60129.82730003203 4.5 0.5 1.0077190414132076 0.00029725390551915904 1.0 1.0076480646048316 1.0076480646048316 7.097680837597764e-05
60129.82778341402 4.5 0.5 1.0072051140712497 0.00029721100309833504 1.0 1.0076477610906507 1.0076477610906507 -0.00044264701940099904
60129.828266795994 4.5 0.5 1.0071677079414634 0.0002972008510854257 1.0 1.0076474575764744 1.0076474575764744 -0.00047974963501107304
60129.828750177985 4.5 0.5 1.0072815722551307 0.0002972676386550425 1.0 1.007647154062289 1.007647154062289 -0.0003655818071583994
60129.82923355997 4.5 0.5 1.0079646749411393 0.00029725308434631073 1.0 1.0076468505481082 1.0076468505481082 0.00031782439303107424
60129.829716941946 4.5 0.5 1.0080071684602019 0.00029727065616758243 1.0 1.007646547033932 1.007646547033932 0.00036062142626991367
60129.83020032394 4.5 0.5 1.007199361519811 0.0002972129543314587 1.0 1.0076462435197466 1.0076462435197466 -0.0004468819999356999
60129.83068370592 4.5 0.5 1.007438760166325 0.0002973180720730494 1.0 1.0076459400055657 1.0076459400055657 -0.00020717983924067873
60129.831167087905 4.5 0.5 1.0078899677445265 0.0002973328869347419 1.0 1.007645636491385 1.007645636491385 0.0002443312531414943
60129.83165046989 4.5 0.5 1.0080280275433278 0.0002973116994764687 1.0 1.0076453329772042 1.0076453329772042 0.0003826945661236092
60129.83213385187 4.5 0.5 1.0074337831582059 0.00029723862434276685 1.0 1.0076450294630235 1.0076450294630235 -0.00021124630481761386
60129.83261723386 4.5 0.5 1.0074408809472675 0.0002972208872683265 1.0 1.0076447259488426 1.0076447259488426 -0.0002038450015751092
60129.83310061585 4.5 0.5 1.0078664231445322 0.0002973768650561931 1.0 1.0076444224346572 1.0076444224346572 0.0002220007098749921
60129.833583997824 4.5 0.5 1.0070933723870377 0.00029722031562865505 1.0 1.007644118920481 1.007644118920481 -0.0005507465334433359
60129.83406737981 4.5 0.5 1.007226254246596 0.00029722353165018454 1.0 1.0076438154063 1.0076438154063 -0.00041756115970414953
60129.8345507618 4.5 0.5 1.0070734976357834 0.0002972754813357179 0.9999872003594193 1.0076435118921148 1.007630614417329 -0.0005571167815456857
60129.83503414378 4.5 0.5 1.0074963974511897 0.0002972265309459203 0.999789261368181 1.0076432083779339 1.0074308590268386 6.553842435108592e-05
60129.83551752576 4.5 0.5 1.0070378697148714 0.00029721107106421476 0.999469155543841 1.0076429048637576 1.0071080032139228 -7.013349905138355e-05
60129.83600090775 4.5 0.5 1.006715804384428 0.00029708548917050173 0.9990634783252363 1.0076426013495723 1.0066989222129932 1.6882171434806637e-05
60129.836484289735 4.5 0.5 1.0066180771923454 0.0002971656673263046 0.9985889259439179 1.0076422978353916 1.0062204399311052 0.0003976372612402024
60129.83696767172 4.5 0.5 1.0058972733214595 0.0002970179512296613 0.9980562284252792 1.0076419943212107 1.005683368455154 0.0002139048663054588
60129.8374510537 4.5 0.5 1.005214569043696 0.00029695642776020385 0.9974733058435777 1.0076416908070298 1.0050956884351003 0.00011888060859566174
60129.83793443569 4.5 0.5 1.0043877727115469 0.00029681541771918647 0.9968464918568136 1.0076413872928491 1.0044637819726094 -7.600926106254846e-05
60129.83841781767 4.5 0.5 1.0042510537170055 0.0002968321713519902 0.9961811297934351 1.0076410837786682 1.0037930332649152 0.00045802045209031306
60129.83890119966 4.5 0.5 1.0034232852117253 0.00029666847341371495 0.9954819062634752 1.007640780264483 1.003088164766503 0.0003351204452222145
60129.83938458163 4.5 0.5 1.0019804315516456 0.0002964741437647098 0.9947530571064452 1.007640476750311 1.0023534447115678 -0.00037301315992221973
60129.83986796362 4.5 0.5 1.001231726105604 0.00029634944634996014 0.9939985043573937 1.0076401732361258 1.001592825127134 -0.00036109902152992035
60129.84035134561 4.5 0.5 1.0009734496216278 0.0002962843221362422 0.9932219539617172 1.007639869721945 1.0008100402949605 0.00016340932666736308
60129.84083472759 4.5 0.5 1.0000594266834562 0.0002961550374818695 0.9924269692502636 1.0076395662077642 1.0000086807882218 5.07458952343498e-05
60129.841318109575 4.5 0.5 0.9992193673163922 0.00029595659597654025 0.9916170300586286 1.0076392626935833 0.9991922530426773 2.7114273714823334e-05
60129.84180149156 4.5 0.5 0.998421822420546 0.00029585086474355314 0.990795583074851 1.0076389591794026 0.9983642300890923 5.7592331453748535e-05
60129.84228487354 4.5 0.5 0.9980432702056309 0.0002958671287917438 0.9899660876125624 1.0076386556652217 0.9975280976760815 0.000515172529549357
60129.842768255534 4.5 0.5 0.9967891429799595 0.00029571191986077364 0.9891320599973206 1.0076383521510364 0.9966873989954601 0.0001017439844993584
60129.84325163752 4.5 0.5 0.9956355188971453 0.00029549697561159245 0.9882971195328204 1.0076380486368555 0.9958457809994763 -0.00021026210233099363
60129.843735019494 4.5 0.5 0.9952096781304536 0.00029546324198229156 0.9874650389076208 1.0076377451226792 0.9950070451923537 0.00020263293809985594
60129.844218401486 4.5 0.5 0.9946358370450868 0.0002953589542869999 0.9866398028853027 1.007637441608494 0.9941752067684552 0.00046063027663167944
60129.84470178347 4.5 0.5 0.9931837310987004 0.0002951539776914843 0.9858256803547853 1.0076371380943132 0.9933545672125751 -0.000170836113874695
60129.84518516545 4.5 0.5 0.9924647543394598 0.00029508036408767074 0.9850273168176743 1.0076368345801323 0.9925498074931225 -8.505315366269528e-05
60129.84566854744 4.5 0.5 0.9916408106186337 0.00029495878242333294 0.9842498596401643 1.0076365310659514 0.9917661142699647 -0.00012530365133101018
60129.84615192942 4.5 0.5 0.9912030378327241 0.0002948746756349665 0.9834991362191986 1.0076362275517707 0.9910093594203384 0.0001936784123857116
60129.846635311405 4.5 0.5 0.9902703045407232 0.0002947297680100381 0.9827819228822426 1.0076359240375898 0.9902863709908879 -1.606645016472008e-05
60129.8471186934 4.5 0.5 0.989061652331886 0.0002945886610034384 0.9821063808802437 1.0076356205234045 0.9896053725182594 -0.0005437201863733865
60129.84760207537 4.5 0.5 0.9888245796805252 0.0002944802698615034 0.9814828338316127 1.0076353170092283 0.9889767664070328 -0.00015218672650763043
60129.84808545736 4.5 0.5 0.9886137335384987 0.0002944807942188329 0.980925358855656 1.0076350134950474 0.9884147372081531 0.00019899633034559105
60129.84856883935 4.5 0.5 0.9884755627168582 0.00029441550677556435 0.9804558915114366 1.007634709980862 0.987941387892154 0.0005341748247041922
60129.84905222133 4.5 0.5 0.987441044043825 0.00029433442928713486 0.9801228519015375 1.0076344064666813 0.9876055081402367 -0.00016446409641168724
60129.84953560331 4.5 0.5 0.9872721510554721 0.0002942584603121539 0.9800058085450197 1.0076341029525049 0.9874872737815052 -0.00021512272603319005
60129.85001898529 4.5 0.5 0.9875482592977036 0.00029432320334064877 0.9799109578615144 1.0076337994383242 0.9873914015812454 0.00015685771645823632
60129.85050236728 4.5 0.5 0.9870063207521388 0.00029425136960448486 0.9798246461221575 1.0076334959241433 0.9873041335647061 -0.00029781281256735515
60129.85098574927 4.5 0.5 0.9872039692596344 0.0002942338389983752 0.9797451353861224 1.007633192409958 0.987223718517245 -1.9749257610612858e-05
60129.851469131245 4.5 0.5 0.9869639935060365 0.00029422924227984627 0.9796713266090421 1.0076328888957817 0.987149048999432 -0.00018505549339553617
60129.85195251323 4.5 0.5 0.987166094044171 0.0002942977486600566 0.979602438022432 1.0076325853816008 0.9870793372706625 8.675677350844513e-05
60129.85243589522 4.5 0.5 0.986665594631959 0.0002941916467922399 0.9795378761166358 1.0076322818674155 0.9870139852869675 -0.0003483906550084681
60129.852919277204 4.5 0.5 0.9869167992708702 0.0002942039609853016 0.9794771708840844 1.0076319783532348 0.9869525194497594 -3.5720178889198095e-05
60129.85340265919 4.5 0.5 0.9870084053545032 0.0002942894948000068 0.9794199388700922 1.007631674839054 0.9868945533744348 0.00011385198006841346
60129.85388604117 4.5 0.5 0.9870316191263183 0.0002942244660004905 0.9793658602117279 1.007631371324873 0.9868397647539072 0.00019185437241109327
60129.854369423156 4.5 0.5 0.9870304465526882 0.00029424239810633664 0.9793146634468293 1.0076310678106923 0.9867878800515973 0.00024256650109089062
60129.85485280514 4.5 0.5 0.9864331853089173 0.0002942344775180079 0.9792661149807368 1.0076307642965114 0.9867386638877153 -0.00030547857879792417
60129.85533618713 4.5 0.5 0.9869586086154255 0.0002942510448033476 0.9792200115049795 1.007630460782326 0.9866919114000372 0.0002666972153883007
60129.85581956911 4.5 0.5 0.9865866306798313 0.0002941804157855928 0.9791761743790345 1.0076301572681499 0.9866474425827718 -6.08119029404941e-05
60129.85630295109 4.5 0.5 0.9864178704050477 0.00029417590098955096 0.9791344453506714 1.007629853753969 0.9866050979741705 -0.00018722756912281646
60129.85678633308 4.5 0.5 0.9866776647211942 0.00029411831932918387 0.9790946832467488 1.0076295502397836 0.9865647353220849 0.00011292939910934052
60129.85726971507 4.5 0.5 0.9861025253307842 0.00029409642539820124 0.9790567613543684 1.007629246725603 0.9865262269451106 -0.0004237016143263661
60129.85775309704 4.5 0.5 0.9869828018308751 0.0002942694034688977 0.979020565320169 1.0076289432114267 0.9864894576158154 0.0004933442150596434
60129.858236479035 4.5 0.5 0.9864797722444879 0.0002942493194179463 0.9789859914460706 1.0076286396972411 0.986454322843459 2.5449401028887486e-05
60129.85871986102 4.5 0.5 0.9860146674566548 0.0002940796848080811 0.9789529452942413 1.0076283361830605 0.986420727468343 -0.00040606001168819184
60129.859203243 4.5 0.5 0.9867232981222731 0.0002942603362891183 0.9789213405202569 1.0076280326688796 0.9863885844860089 0.00033471363626425
60129.85968662499 4.5 0.5 0.9863279516956115 0.00029418131527253726 0.97889109790272 1.0076277291546942 0.9863578140694632 -2.986237385171897e-05
60129.86017000697 4.5 0.5 0.9864980872664452 0.00029424061753408233 0.9788621445239023 1.007627425640518 0.9863283427435764 0.0001697445228687755
60129.860653388954 4.5 0.5 0.9860709008109035 0.00029409737638854934 0.9788344130670612 1.007627122126337 0.9863001026769852 -0.00022920186608166304
60129.86113677094 4.5 0.5 0.9854943711306846 0.0002940297538693192 0.9788078412231224 1.0076268186121564 0.9862730310842875 -0.0007786599536029337
60129.86162015292 4.5 0.5 0.9860707879289964 0.0002940834659957806 0.9787823711735607 1.0076265150979755 0.9862470697049481 -0.00017628177595174765
60129.862103534906 4.5 0.5 0.9862758435606341 0.0002941562219240866 0.978757949144842 1.0076262115837946 0.9862221643543415 5.3679206292622794e-05
60129.86258691689 4.5 0.5 0.9855727008847092 0.0002940369797623437 0.9787345250200903 1.007625908069614 0.9861982645324507 -0.0006255636477415782
60129.863070298874 4.5 0.5 0.9862869366863011 0.0002940749763013984 0.9787120519993535 1.007625604555433 0.986175323081537 0.00011161360476408255
60129.863553680865 4.5 0.5 0.9859720891303011 0.0002941497858360935 0.9786904863007452 1.0076253010412477 0.9861532958849935 -0.00018120675469235348
60129.86403706285 4.5 0.5 0.986059555858252 0.0002941001390357533 0.9786697868983015 1.0076249975270668 0.986132141603216 -7.258574496404879e-05
60129.864520444826 4.5 0.5 0.9859118873071376 0.00029415725139764985 0.9786499152869937 1.0076246940128906 0.9861118214367983 -0.0001999341296606838
60129.86500382682 4.5 0.5 0.9859585413406345 0.00029408638908946815 0.9786308352751459 1.0076243904987052 0.9860922989173577 -0.00013375757672318134
60129.8654872088 4.5 0.5 0.98544306391505 0.0002940143622893196 0.9786125128020178 1.0076240869845245 0.9860735397237645 -0.000630475808714559
60129.865970590785 4.5 0.5 0.9862327093989358 0.00029417853165640946 0.9785949157693234 1.0076237834703436 0.986055511512328 0.0001771978866078605
60129.86645397277 4.5 0.5 0.9861631161462495 0.0002941145314957529 0.9785780138941251 1.0076234799561627 0.9860381837685885 0.0001249323776609801
60129.86693735475 4.5 0.5 0.9859152834523512 0.0002940235277903468 0.9785617785748321 1.007623176441982 0.9860215276722878 -0.00010624421993654654
60129.86742073674 4.5 0.5 0.9862546522463426 0.000294148685830659 0.9785461827705517 1.0076228729278012 0.9860055159757966 0.00024913627054601317
60129.86790411873 4.5 0.5 0.9860296378601421 0.00029404195428445364 0.9785312008917348 1.0076225694136158 0.985990122893921 3.9514966221121384e-05
60129.86838750071 4.5 0.5 0.9860995583138608 0.0002941501496349934 0.9785168087021145 1.007622265899435 0.9859753240051086 0.00012423430875219132
60129.86887088269 4.5 0.5 0.9860132543243614 0.00029417284909883306 0.9785029832276414 1.0076219623852587 0.9859610961596659 5.215816469550383e-05
60129.86935426468 4.5 0.5 0.9860589608930466 0.0002941437206662593 0.9784897026744913 1.0076216588710734 0.9859474173971343 0.00011154349591224744
60129.869837646664 4.5 0.5 0.9861589964845497 0.00029408075870330765 0.9784769463561677 1.0076213553568927 0.9859342668728752 0.00022472961167452343
60129.87032102865 4.5 0.5 0.9857584812579963 0.000294140192909674 0.9784646946231663 1.0076210518427118 0.9859216247871526 -0.0001631435291563621
60129.87080441063 4.5 0.5 0.9860767365960051 0.0002940800692272476 0.9784529288014548 1.0076207483285309 0.9859094723231647 0.00016726427284041723
60129.871287792615 4.5 0.5 0.9857024999683417 0.00029410147776711 0.9784416311349021 1.0076204448143502 0.9858977915890285 -0.0001952916206867661
60129.8717711746 4.5 0.5 0.9856771252969583 0.00029408556600350364 0.9784307847325707 1.0076201413001693 0.9858865655646685 -0.00020944026771019253
60129.87225455658 4.5 0.5 0.9859061943000308 0.00029405754948638155 0.9784203735202223 1.0076198377859884 0.9858757780529526 3.0416247078224323e-05
60129.87273793857 4.5 0.5 0.9861201662456642 0.0002941349037465551 0.978410382195633 1.0076195342718077 0.9858654136346652 0.0002547526109990539
60129.87322132055 4.5 0.5 0.9860490814486722 0.00029413422028440247 0.9784007961873654 1.0076192307576268 0.9858554576269628 0.00019362382170939885
60129.873704702535 4.5 0.5 0.9857054444179713 0.0002941277044015267 0.9783916016166831 1.0076189272434461 0.9858458960449994 -0.00014045162702813752
60129.87418808452 4.5 0.5 0.9858782029421286 0.000294139786576787 0.9783827852623274 1.0076186237292653 0.9858367155664316 4.1487375696980244e-05
60129.87467146651 4.5 0.5 0.98596907105173 0.00029413042204233167 0.9783743345277779 1.00761832021508 0.9858279034984262 0.00014116755330384478
60129.87515484849 4.5 0.5 0.9854084178188355 0.0002940375187091399 0.9783662374116507 1.0076180167009037 0.985819447747853 -0.00041102992901753677
60129.87563823047 4.5 0.5 0.9861527116730735 0.0002941380358491522 0.9783584824784128 1.0076177131867228 0.9858113367917307 0.00034137488134278193
60129.87612161246 4.5 0.5 0.9864162930162611 0.00029421101935714166 0.9783510588334825 1.0076174096725374 0.9858035596521779 0.0006127333640831845
60129.876604994446 4.5 0.5 0.9857542082294378 0.00029405380421878826 0.978343956098859 1.0076171061583565 0.9857961058718505 -4.189764241269156e-05
60129.87708837643 4.5 0.5 0.9860064464242511 0.0002941581148948701 0.9783371643900823 1.0076168026441759 0.9857889654907043 0.00021748093354678755
60129.877571758414 4.5 0.5 0.9856574430817718 0.00029399623038035795 0.9783306742957569 1.007616499129995 0.985782129025378 -0.00012468594360615093
60129.8780551404 4.5 0.5 0.9856735372281464 0.000294048629158157 0.9783244768579541 1.0076161956158143 0.9857755874494435 -0.00010205022129705643
60129.87853852238 4.5 0.5 0.985651809328488 0.000294040383263694 0.9783185635540699 1.0076158921016334 0.9857693321751226 -0.00011752284663468782
60129.87902190437 4.5 0.5 0.9851904650164026 0.00029398597618100997 0.9783129262798367 1.007615588587448 0.9857633550361663 -0.0005728900197636833
60129.87950528636 4.5 0.5 0.9858448416235734 0.0002941070223636189 0.9783075573339083 1.0076152850732671 0.9857576482723376 8.719335123585914e-05
60129.879988668334 4.5 0.5 0.98545307785059 0.0002940219437409622 0.9783024494027452 1.007614981559091 0.9857522045141606 -0.00029912666357057027
60129.880472050325 4.5 0.5 0.9860601312711565 0.0002940958652649475 0.9782975955469021 1.0076146780449056 0.985747016769097 0.0003131145020595083
60129.88095543231 4.5 0.5 0.9856565821177875 0.00029406687182781496 0.9782929891889397 1.0076143745307247 0.9857420784094064 -8.549629161891392e-05
60129.88143881429 4.5 0.5 0.9858836513574155 0.00029408320431573615 0.9782886241007981 1.007614071016544 0.9857373831593786 0.00014626819803686963
60129.88192219628 4.5 0.5 0.9858641089485631 0.0002941503549254738 0.9782844943931085 1.007613767502363 0.9857329250845844 0.00013118386397870108
60129.88240557826 4.5 0.5 0.9861287979109685 0.0002940101798576236 0.978280594504823 1.0076134639881824 0.9857286985814231 0.0004000993295454336
60129.882888960245 4.5 0.5 0.9855584805684271 0.000294046534858498 0.9782769191936391 1.0076131604740015 0.9857246983674721 -0.00016621779904502088
60129.88337234223 4.5 0.5 0.9862316603666765 0.0002940946020519393 0.9782734635271031 1.0076128569598206 0.9857209194725233 0.000510740894153261
60129.88385572421 4.5 0.5 0.9855030826665806 0.00029401647291102075 0.9782702228743547 1.00761255344564 0.9857173572302639 -0.00021427456368328102
60129.8843391062 4.5 0.5 0.9857652608951376 0.00029410071765232 0.9782671928984785 1.007612249931459 0.9857140072705686 5.125362456903648e-05
60129.88482248818 4.5 0.5 0.9849934305070741 0.0002939215643600727 0.9782643695494296 1.0076119464172781 0.9857108655123723 -0.0007174350052981948
60129.885305870164 4.5 0.5 0.9853084357948307 0.00029399056669001506 0.9782617490575066 1.0076116429030975 0.9857079281570919 -0.0003994923622611113
60129.885789252156 4.5 0.5 0.9858677021110983 0.0002940743111944845 0.978259327927309 1.0076113393889121 0.9857051916825328 0.000162510428565521
60129.88627263414 4.5 0.5 0.9856785532677851 0.00029403433887304663 0.9782571029323687 1.0076110358747312 0.9857026528374976 -2.4099569712499047e-05
60129.886756016116 4.5 0.5 0.9860483502880921 0.0002940690128736114 0.9782550711099243 1.007610732360555 0.9857003086364976 0.0003480416515945217
60129.88723939811 4.5 0.5 0.9856342489550538 0.00029399074174721833 0.9782532297563398 1.0076104288463696 0.9856981563551317 -6.390740007788942e-05
60129.88772278009 4.5 0.5 0.9859856492773503 0.0002941583569161 0.9782515764232116 1.0076101253321887 0.9856961935262034 0.00028945575114691646
60129.888206162075 4.5 0.5 0.9856073580543525 0.00029404958814355974 0.9782501089133433 1.007609821818008 0.9856944179356208 -8.705988126833653e-05
60129.88868954407 4.5 0.5 0.9857679028291417 0.0002940325368428969 0.9782488252775472 1.0076095183038225 0.9856928276191895 7.507520995220229e-05
60129.88917292604 4.5 0.5 0.9855942730035091 0.0002940979847030122 0.9782477238117513 1.0076092147896463 0.9856914208597175 -9.71478562084016e-05
60129.88965630803 4.5 0.5 0.9853357357133838 0.00029398017730703125 0.9782468030542604 1.0076089112754656 0.9856901961842081 -0.00035446047082421384
60129.89013969002 4.5 0.5 0.9857863325876453 0.0002940369477513193 0.9782460617837042 1.0076086077612803 0.9856891523618335 9.718022581173269e-05
60129.890623072 4.5 0.5 0.9853447703923027 0.0002940873644724362 0.9782454990171388 1.0076083042470994 0.9856882884020167 -0.0003435180097139945
60129.891106453986 4.5 0.5 0.9859535897107506 0.00029409698899602184 0.9782451140084935 1.0076080007329185 0.985687603552844 0.00026598615790662805
60129.89158983597 4.5 0.5 0.9854428999908792 0.000294018269244892 0.9782449062474678 1.0076076972187378 0.9856870972999711 -0.00024419730909186477
60129.892073217954 4.5 0.5 0.9860164041628798 0.0002940840432778719 0.9782448754587272 1.0076073937045569 0.9856867693658069 0.00032963479707293075
60129.89255659994 4.5 0.5 0.985761434954644 0.00029408648717317717 0.9782450216014704 1.0076070901903762 0.9856866197090793 7.481524556463004e-05
60129.89303998193 4.5 0.5 0.9853419331462292 0.00029398327295861046 0.978245344869374 1.0076067866761906 0.9856866485247718 -0.0003447153785426371
60129.893523363906 4.5 0.5 0.9856747739772702 0.0002940686768679526 0.9782458456908637 1.0076064831620144 0.9856868562444218 -1.2082267151547477e-05
60129.89400674589 4.5 0.5 0.9852996064150256 0.0002939384866980643 0.978246524729843 1.0076061796478337 0.9856872435368071 -0.00038763712178158105
60129.894490127874 4.5 0.5 0.985640312646979 0.00029409219950458075 0.9782473828866582 1.0076058761336528 0.9856878113089642 -4.7498661985168056e-05
60129.89497350986 4.5 0.5 0.9858874877366204 0.0002940957430844765 0.9782484212995115 1.0076055726194721 0.9856885607075889 0.0001989270290314593
60129.89545689185 4.5 0.5 0.9860641336626398 0.00029421883050561004 0.9782496413462018 1.0076052691052866 0.9856894931207898 0.00037464054184999096
60129.89594027383 4.5 0.5 0.9851829569246052 0.0002940268028094472 0.9782510446461435 1.007604965591106 0.9856906101801409 -0.0005076532555357005
60129.89642365581 4.5 0.5 0.9858207969324877 0.00029396785195101837 0.9782526330628903 1.0076046620769297 0.9856919137632003 0.00012888316928738597
60129.8969070378 4.5 0.5 0.9858810459346541 0.00029409209911337466 0.9782544087070065 1.0076043585627443 0.9856934059964001 0.00018763993825399172
60129.897390419785 4.5 0.5 0.9856206557903228 0.0002940948068382527 0.9782563739390263 1.0076040550485634 0.9856950892580667 -7.443346774393955e-05
60129.89787380177 4.5 0.5 0.9855375745763973 0.00029406826560621587 0.978258531373296 1.0076037515343825 0.9856969661822484 -0.00015939160585110024
60129.89835718376 4.5 0.5 0.9853011219956862 0.0002939529886498511 0.9782608838818863 1.0076034480201972 0.9856990396626744 -0.0003979176669881568
60129.89884056574 4.5 0.5 0.98652399889062 0.0002941910199810252 0.9782634345988621 1.007603144506021 0.9857013128570736 0.0008226860335464048
60129.89932394772 4.5 0.5 0.98553935566472 0.00029409473208202435 0.978266186925529 1.00760284099184 0.9857037891924175 -0.0001644335276975717
60129.89980732971 4.5 0.5 0.985755342416651 0.00029414548143458414 0.9782691445354531 1.0076025374776547 0.9857064723700171 4.88700466338976e-05
60129.900290711696 4.5 0.5 0.9856866164293523 0.00029404919087571313 0.9782723113802975 1.007602233963474 0.985709366371399 -2.2749942046762506e-05
60129.90077409368 4.5 0.5 0.9859424404797807 0.0002939962700962877 0.9782756916963947 1.0076019304492931 0.9857124754649048 0.00022996501487593246
60129.90125747566 4.5 0.5 0.9855981694720203 0.00029406581507972196 0.9782792900114533 1.0076016269351122 0.9857158042124669 -0.00011763474044657052
60129.90174085765 4.5 0.5 0.9857734670544259 0.00029408000969374505 0.9782831111520458 1.0076013234209316 0.9857193574771477 5.410957727824961e-05
60129.90222423963 4.5 0.5 0.9858043690928254 0.0002941095020732016 0.9782871602516495 1.0076010199067507 0.9857231404312409 8.122866158455366e-05
60129.90270762162 4.5 0.5 0.9854348968272291 0.00029403100529335917 0.9782914427593812 1.0076007163925653 0.9857271585650688 -0.0002922617378396941
60129.90319100361 4.5 0.5 0.9858172217924748 0.00029404277631801253 0.9782959644490714 1.0076004128783844 0.9857314176961416 8.580409633318631e-05
60129.90367438558 4.5 0.5 0.9858995563359341 0.0002940770857773415 0.9783007314296164 1.0076001093642082 0.9857359239795663 0.00016363235636773776
60129.904157767574 4.5 0.5 0.9852019042124386 0.000293979935166879 0.9783057501558828 1.0075998058500228 0.9857406839190285 -0.0005387797065898869
60129.90464114955 4.5 0.5 0.9857370377545611 0.00029405060888275657 0.9783110274395405 1.0075995023358466 0.9857457043777518 -8.666623190656253e-06
60129.90512453154 4.5 0.5 0.9857564440163201 0.00029410406775243555 0.9783165704626456 1.0075991988216613 0.9857509925921171 5.451424203051225e-06
60129.905607913526 4.5 0.5 0.9855043756234845 0.0002940590763138425 0.9783223867898093 1.0075988953074804 0.9857565561839894 -0.000252180560504911
60129.90609129551 4.5 0.5 0.9856883996107438 0.0002941117208061052 0.9783284843834088 1.0075985917932997 0.985762403175996 -7.400356525211205e-05
60129.906574677494 4.5 0.5 0.9862423250116623 0.00029415328621238893 0.9783348716185513 1.0075982882791188 0.9857685420066237 0.00047378300503864157
60129.90705805948 4.5 0.5 0.9853205096475598 0.0002940207626956456 0.9783415572996478 1.0075979847649381 0.9857749815469163 -0.00045447189935654553
60129.90754144146 4.5 0.5 0.9862014643329675 0.00029421980473014485 0.9783485506781148 1.0075976812507572 0.9857817311183074 0.00041973321466015623
60129.90802482345 4.5 0.5 0.9859421394820872 0.00029402735988044937 0.9783558614714919 1.0075973777365719 0.98578880051188 0.00015333897020719522
60129.90850820544 4.5 0.5 0.985614804667534 0.00029408194927618426 0.9783634998834086 1.007597074222391 0.9857962000085011 -0.000181395340967061
60129.908991587414 4.5 0.5 0.9858030009576175 0.00029415301832411833 0.9783714766260568 1.0075967707082147 0.9858039404014425 -9.394438249543668e-07
60129.909474969405 4.5 0.5 0.985735139647372 0.00029395770529961197 0.9783798029439529 1.0075964671940294 0.9858120330203176 -7.689337294558563e-05
60129.90995835139 4.5 0.5 0.9861260459204284 0.00029412919086019236 0.9783884906381948 1.0075961636798485 0.9858204897555625 0.00030555616486593884
60129.91044173337 4.5 0.5 0.986176456291832 0.0002941635443959704 0.9783975520950094 1.0075958601656678 0.9858293230871549 0.0003471332046771636
60129.910925115364 4.5 0.5 0.9858452199331481 0.00029405001306406363 0.9784070003147303 1.0075955566514825 0.9858385461138278 6.673819320290875e-06
60129.91140849734 4.5 0.5 0.9863183283895868 0.00029421462942604747 0.9784168489429506 1.007595253137306 0.9858481725844775 0.00047015580510922916
60129.911891879325 4.5 0.5 0.9859161002396348 0.00029407059279095495 0.9784271123062641 1.0075949496231253 0.9858582169341302 5.788330550460241e-05
60129.912375261316 4.5 0.5 0.9859438482843246 0.0002940939994708889 0.9784378054480367 1.00759464610894 0.9858686943200224 7.515396430213261e-05
60129.9128586433 4.5 0.5 0.9858905203671777 0.0002940877602419221 0.9784489441685823 1.007594342594759 0.9858796206620788 1.0899705098932344e-05
60129.913342025284 4.5 0.5 0.9860992115664061 0.0002940488999105927 0.9784605450694259 1.0075940390805782 0.985891012687487 0.00020819887891909694
60129.913825407275 4.5 0.5 0.9862771022444586 0.0002941418368508511 0.9784726255999792 1.0075937355663929 0.9859028879777395 0.0003742142667191306
60129.91430878925 4.5 0.5 0.9860220285203074 0.00029413455860702103 0.9784852041079614 1.0075934320522166 0.9859152650194545 0.00010676350085292441
60129.914792171236 4.5 0.5 0.985651751518541 0.0002940303864034167 0.9784982998969455 1.007593128538036 0.9859281632623126 -0.0002764117437715763
60129.91527555323 4.5 0.5 0.9854712310349159 0.0002940409214040117 0.9785119332853909 1.0075928250238504 0.9859416031785764 -0.0004703721436605246
60129.9157589352 4.5 0.5 0.9859416710021905 0.0002941739920369162 0.9785261256727434 1.0075925215096742 0.9859556063296918 -1.3935327501268802e-05
60129.916242317195 4.5 0.5 0.9863606477908227 0.0002941408519686898 0.978540899613968 1.0075922179954888 0.9859701954413389 0.00039045234948376084
60129.91672569918 4.5 0.5 0.9860849767093841 0.0002941136011518377 0.9785562788958473 1.0075919144813081 0.9859853944803717 9.95822290124071e-05
60129.917209081155 4.5 0.5 0.9859168103957076 0.00029404815870433785 0.978572288626133 1.007591610967132 0.9860012287445985 -8.441834889094668e-05
60129.91769246315 4.5 0.5 0.9858788668609991 0.00029416830866147017 0.9785889553293697 1.0075913074529463 0.9860177249593326 -0.00013885809833347196
60129.91817584513 4.5 0.5 0.9860146505130623 0.00029409006608243943 0.9786063070501051 1.0075910039387657 0.9860349113814234 -2.0260868361154927e-05
60129.918659227114 4.5 0.5 0.9862782775643534 0.0002941938599002197 0.9786243734718242 1.0075907004245848 0.9860528179190458 0.00022545964530762408
60129.919142609106 4.5 0.5 0.9855271864349617 0.000294014992786978 0.9786431860449823 1.0075903969103994 0.9860714762607217 -0.000544289825759936
60129.91962599108 4.5 0.5 0.985637755912493 0.000294092789626924 0.9786627781289805 1.0075900933962232 0.9860909200183867 -0.0004531641058936886
60129.920109373066 4.5 0.5 0.9860125562384415 0.00029409871281099894 0.9786831851544341 1.0075897898820423 0.9861111848908442 -9.862865240262142e-05
60129.92059275506 4.5 0.5 0.9864764917444022 0.000294168479394559 0.9787044447985424 1.007589486367857 0.9861323088405018 0.00034418290390036965
60129.92107613704 4.5 0.5 0.9858452297313874 0.0002940585473247258 0.9787265971845011 1.0075891828536763 0.9861543322942906 -0.00030910256290317406
60129.921559519025 4.5 0.5 0.9859395699006337 0.00029412215549202135 0.9787496851070137 1.0075888793394954 0.9861772983708599 -0.00023772847022618393
60129.92204290102 4.5 0.5 0.9865440763132558 0.00029419633881206937 0.9787737542838235 1.00758857582531 0.9862012531340297 0.00034282317922607053
60129.92252628299 4.5 0.5 0.9867077930529662 0.0002942102889151723 0.9787988536398657 1.0075882723111338 0.9862262458791107 0.00048154717385551216
60129.92300966498 4.5 0.5 0.9863856689600937 0.00029415052173146366 0.9788250356355966 1.007587968796953 0.9862523294636758 0.00013333949641791687
60129.92349304697 4.5 0.5 "" "" 0.9788523566341959 1.0075876652827676 0.9862795606775844 ""
60129.92397642895 4.5 0.5 0.9866715206202933 0.0002941990026715603 0.9788808773265311 1.0075873617685867 0.986308000671159 0.0003635199491343055
60129.924459810936 4.5 0.5 0.9864187662450111 0.00029419461015722743 0.9789106632227383 1.007587058254406 0.9863377154504684 8.105079454268083e-05
60129.92494319293 4.5 0.5 0.986765687507329 0.00029415019292398903 0.978941785218207 1.0075867547402206 0.9863687764476112 0.00039691105971773055
60129.925426574904 4.5 0.5 0.9864998018418798 0.0002941660000177657 0.9789743202525846 1.0075864512260442 0.9864012611847306 9.854065714920424e-05
60129.92590995689 4.5 0.5 0.9859957457755482 0.0002941041374633149 0.9790083520899742 1.0075861477118635 0.9864352540600768 -0.00043950828452865576
60129.92639333887 4.5 0.5 0.9870296786681131 0.000294216566656821 0.9790439722302504 1.0075858441976826 0.9864708472662694 0.0005588314018436513
60129.926876720856 4.5 0.5 0.9867964439955532 0.00029420674911674496 0.9790812810023122 1.007585540683502 0.9865081418918104 0.0002883021037428657
60129.92736010285 4.5 0.5 0.9868187236505725 0.0002941900377747505 0.9791203888745128 1.0075852371693164 0.9865472492414392 0.0002714744091333321
60129.927843484824 4.5 0.5 0.9863128217034336 0.0002941985716441498 0.9791614180409488 1.0075849336551401 0.9865882924344623 -0.0002754707310287374
60129.92832686681 4.5 0.5 0.9867760107891662 0.0002942849978564769 0.9792045043764472 1.0075846301409594 0.9866314083745041 0.00014460241466207613
60129.9288102488 4.5 0.5 0.9869019810883721 0.00029422954656348253 0.9792497998512069 1.007584326626774 0.9866767501824816 0.00022523090589054995
60129.92929363078 4.5 0.5 0.9869595905981832 0.0002942429961162718 0.9792974755791022 1.0075840231125932 0.9867244902679982 0.00023510033018492305
60129.92977701277 4.5 0.5 0.9865397160283809 0.0002942290522400305 0.9793477257244432 1.0075837195984123 0.9867748242656802 -0.00023510823729933072
60129.93026039476 4.5 0.5 0.9863558132473267 0.00029414096036666925 0.9794007725966632 1.007583416084227 0.9868279761684771 -0.0004721629211503764
60129.930743776735 4.5 0.5 0.986961041429296 0.0002942522602852163 0.9794568734571806 1.0075831125700507 0.9868842051861163 7.683624317966764e-05
60129.93122715872 4.5 0.5 "" "" 0.9795163298857067 1.00758280905587 0.9869438151823366 ""
60129.93171054071 4.5 0.5 0.986811516428362 0.00029422712454920953 0.9795795010819983 1.0075825055416845 0.9870071680774731 -0.0001956516491111726
60129.932193922694 4.5 0.5 0.9871873391842896 0.0002943486828637793 0.9796468236317633 1.0075822020275038 0.9870747037641416 0.00011263542014794403
60129.93267730468 4.5 0.5 0.9869949828327784 0.00029411480243383395 0.979718842563454 1.007581898513323 0.9871469713993603 -0.0001519885665818288
60129.93316068667 4.5 0.5 0.9873347825621722 0.0002943016994311725 0.9797962639859398 1.0075815949991376 0.9872246824411492 0.00011010012102297129
60129.93364406865 4.5 0.5 0.9872617793463404 0.0002942794434112397 0.9798800547104541 1.0075812914849567 0.9873088110255094 -4.7031679168973994e-05
60129.93412745063 4.5 0.5 0.9872412082794182 0.00029430941582038055 0.9799716678918285 1.0075809879707804 0.9874008213178221 -0.00015961303840394958
60129.93461083262 4.5 0.5 0.9880365921168341 0.00029442461733644336 0.9800738029507446 1.007580684456595 0.9875034331950894 0.0005331589217447696
60129.935094214605 4.5 0.5 0.9878939129444072 0.0002943783542043532 0.9803200047036762 1.0075803809424144 0.9877512037847995 0.00014270915960767905
60129.93557759659 4.5 0.5 0.988168097957533 0.00029446244807570447 0.9807504390174502 1.0075800774282335 0.9881846032829765 -1.650532544350547e-05
60129.93606097858 4.5 0.5 0.9889812389555981 0.00029455460837054593 0.9812804105847555 1.0075797739140482 0.9887182942432723 0.00026294471232579664
60129.936544360564 4.5 0.5 0.9893492635859145 0.0002946049869224986 0.981882827291902 1.0075794703998673 0.989324979117499 2.4284468415514127e-05
60129.93702774254 4.5 0.5 0.9901319882360504 0.00029481322164817973 0.9825415878081808 1.007579166885691 0.9899884344743108 0.0001435537617395788
60129.937511124524 4.5 0.5 0.9909646578594593 0.00029482703714679535 0.9832453114427223 1.0075788633715101 0.9906971933188247 0.0002674645406346432
60129.93799450651 4.5 0.5 0.9916709668179583 0.0002949979380179659 0.9839851989288751 1.0075785598573295 0.9914423896576838 0.00022857716027446795
60129.9384778885 4.5 0.5 0.9924454483636068 0.0002949765014034538 0.9847540535500459 1.0075782563431441 0.9922167722027984 0.00022867616080846087
60129.93896127048 4.5 0.5 0.9927691607775541 0.0002951170158693406 0.985545754433191 1.0075779528289632 0.9930141736710707 -0.00024501289351663846
60129.93944465247 4.5 0.5 0.993828295166523 0.0002952538972242846 0.9863549413232047 1.0075776493147823 0.9938291931684546 -8.98001931592951e-07
60129.93992803445 4.5 0.5 0.9948174196651212 0.0002953690180150541 0.9871768103835604 1.0075773458006017 0.9946569904421716 0.0001604292229495652
60129.940411416435 4.5 0.5 0.9958230107771043 0.0002955803910735735 0.9880069735149462 1.0075770422864208 0.9954931441325475 0.0003298666445568088
60129.94089479842 4.5 0.5 0.9964499688068509 0.0002956051219232578 0.988841356073368 1.00757673877224 0.9963335487155235 0.00011642009132739606
60129.94137818041 4.5 0.5 0.9970229987129302 0.00029571700645453176 0.9896761187643245 1.0075764352580545 0.997174335804585 -0.000151337091654824
60129.941861562394 4.5 0.5 0.9981171901918273 0.0002958582769591161 0.9905075949454263 1.0075761317438738 0.9980118109780405 0.00010537921378683812
60129.94234494438 4.5 0.5 0.9986876647372773 0.00029600400303389984 0.9913322378343353 1.007575828229693 0.9988424005867254 -0.00015473584944802887
60129.94282832636 4.5 0.5 0.9997356086056047 0.0002961764385180289 0.9921465733232683 1.0075755247155123 0.9996626042108895 7.300439471524811e-05
60129.943311708346 4.5 0.5 1.000635244613914 0.0002962454669949631 0.9929471553905719 1.0075752212013314 1.0004689497338881 0.00016629488002584125
60129.94379509033 4.5 0.5 1.0015092830879138 0.0002963566482426765 0.9937305211435891 1.0075749176871505 1.0012579480444608 0.00025133504345298263
60129.94427847232 4.5 0.5 1.0016108769860395 0.00029639688534995685 0.9944931424731369 1.0075746141729651 1.0020260443250306 -0.00041516733899116254
60129.944761854305 4.5 0.5 1.002463124238409 0.00029657563791394794 0.9952313705348018 1.0075743106587844 1.0027695621126003 -0.00030643787419126767
60129.94524523629 4.5 0.5 1.0028810773554442 0.00029659187902838943 0.9959413680890814 1.0075740071446035 1.0034846351265942 -0.000603557771150065
60129.94572861828 4.5 0.5 1.0042148022420452 0.00029677094114824475 0.9966190216378548 1.0075737036304182 1.0041671187401773 4.768350186790116e-05
60129.94621200026 4.5 0.5 1.0053455417665567 0.00029691674736815265 0.9972598204654881 1.007573400116242 1.0048124681057249 0.0005330736608317732
60129.94669538224 4.5 0.5 1.005634292209704 0.0002970111942269864 0.9978586794232618 1.007573096602061 1.0054155595977392 0.0002187326119647004
60129.94717876423 4.5 0.5 1.0060460256999735 0.0002970180014483729 0.9984096595383688 1.0075727930878757 1.0059704093069892 7.561639298425682e-05
60129.947662146216 4.5 0.5 1.0064171682214549 0.00029707112056642207 0.9989054872965577 1.0075724895736948 1.0064696886842175 -5.252046276260636e-05
60129.9481455282 4.5 0.5 1.006621701828003 0.0002970965189319176 0.999336620667705 1.0075721860595142 1.006903783495487 -0.0002820816674840021
60129.948628910184 4.5 0.5 "" "" 0.9996890594726323 1.0075718825453333 1.0072585876128137 ""
60129.94911229216 4.5 0.5 1.0079085764316977 0.0002973244735762114 0.9999369273073934 1.007571579031157 1.0075080287786735 0.00040054765302421913
60129.94959567415 4.5 0.5 1.0077382591453565 0.00029724937164369214 1.0 1.0075712755169717 1.0075712755169717 0.0001669836283848536
60129.950079056136 4.5 0.5 1.0073947748857996 0.0002973352145706275 1.0 1.0075709720027908 1.0075709720027908 -0.00017619711699112806
60129.95056243812 4.5 0.5 1.0071279871772991 0.00029723191446234196 1.0 1.00757066848861 1.00757066848861 -0.0004426813113109773
60129.95104582011 4.5 0.5 1.0076699723021327 0.00029730473198023486 1.0 1.0075703649744248 1.0075703649744248 9.960732770797343e-05
60129.951529202095 4.5 0.5 1.0077066400322499 0.00029730573902917665 1.0 1.0075700614602439 1.0075700614602439 0.00013657857200599643
60129.95201258408 4.5 0.5 1.007603577245685 0.00029727090054068416 1.0 1.007569757946063 1.007569757946063 3.38192996220954e-05
60129.95249596606 4.5 0.5 1.0074746650571191 0.00029717554473876923 1.0 1.0075694544318823 1.0075694544318823 -9.478937476314897e-05
60129.95297934805 4.5 0.5 1.0076607738567962 0.00029732168173665494 1.0 1.0075691509177014 1.0075691509177014 9.162293909481534e-05
60129.95346273003 4.5 0.5 1.007901154750369 0.00029734187010879655 1.0 1.0075688474035205 1.0075688474035205 0.000332307346848415
60129.95394611202 4.5 0.5 1.0077957036106546 0.0002972919036139228 1.0 1.0075685438893351 1.0075685438893351 0.00022715972131948092
60129.954429494006 4.5 0.5 1.007893163286911 0.00029731059967692293 1.0 1.0075682403751545 1.0075682403751545 0.0003249229117565644
60129.95491287599 4.5 0.5 1.0078293668195184 0.0002973555263276925 1.0 1.0075679368609736 1.0075679368609736 0.0002614299585448343
60129.95539625798 4.5 0.5 1.0076771251119465 0.00029723584178611203 1.0 1.0075676333467882 1.0075676333467882 0.00010949176515828718
60129.95587963996 4.5 0.5 1.0076884677059736 0.00029722260952179906 1.0 1.007567329832612 1.007567329832612 0.00012113787336165416
60129.95636302194 4.5 0.5 1.0072558068757231 0.0002972461648651409 1.0 1.007567026318431 1.007567026318431 -0.0003112194427079551
60129.95684640393 4.5 0.5 1.00722661853757 0.0002971709464584538 1.0 1.0075667228042458 1.0075667228042458 -0.0003401042666757448
60129.95732978592 4.5 0.5 1.007913572694194 0.0002973431504960422 1.0 1.0075664192900649 1.0075664192900649 0.0003471534041290525
60129.9578131679 4.5 0.5 1.0074646007660564 0.0002972323581529493 1.0 1.0075661157758842 1.0075661157758842 -0.0001015150098278017
60129.95829654989 4.5 0.5 1.0076543454286577 0.0002972864874512908 1.0 1.0075658122616988 1.0075658122616988 8.85331669588929e-05
60129.958779931876 4.5 0.5 1.007780582307825 0.000297288651921217 1.0 1.007565508747518 1.007565508747518 0.00021507356030703306
60129.95926331385 4.5 0.5 1.007425407435998 0.0002972346338253249 1.0 1.0075652052333417 1.0075652052333417 -0.00013979779734363262
60129.95974669584 4.5 0.5 1.0078152910583638 0.0002972825092054918 1.0 1.0075649017191608 1.0075649017191608 0.000250389339202961
60129.96023007782 4.5 0.5 1.0073799021789347 0.0002972315493524128 1.0 1.0075645982049801 1.0075645982049801 -0.00018469602604542779
60129.96071345981 4.5 0.5 1.0078326056444349 0.000297338448323725 1.0 1.0075642946907948 1.0075642946907948 0.00026831095364010515
60129.961196841796 4.5 0.5 1.0072018278995862 0.0002972138291723161 1.0 1.0075639911766139 1.0075639911766139 -0.0003621632770276495
60129.96168022378 4.5 0.5 1.0075633896334393 0.000297323226389575 1.0 1.007563687662433 1.007563687662433 -2.980289937060121e-07
60129.96216360577 4.5 0.5 1.007335037817488 0.00029722303955213343 1.0 1.0075633841482476 1.0075633841482476 -0.0002283463307597433
60129.962646987755 4.5 0.5 1.007327829434471 0.00029728496262443777 1.0 1.007563080634067 1.007563080634067 -0.00023525119959599827
60129.96313036973 4.5 0.5 1.0077861841278155 0.0002972811283101816 1.0 1.0075627771198907 1.0075627771198907 0.00022340700792478074
60129.96361375172 4.5 0.5 1.0066488340680024 0.00029718542296458685 1.0 1.0075624736057052 1.0075624736057052 -0.0009136395377027373
60129.96409713371 4.5 0.5 1.0074094455323195 0.0002971983152685562 1.0 1.0075621700915245 1.0075621700915245 -0.0001527245592050086
60129.96458051569 4.5 0.5 1.0075313532515 0.0002973014144181516 1.0 1.0075618665773436 1.0075618665773436 -3.0513325843584127e-05
60129.96506389768 4.5 0.5 1.0073535308206425 0.00029721354940961383 1.0 1.0075615630631582 1.0075615630631582 -0.00020803224251575436
60129.965547279666 4.5 0.5 1.006974015037493 0.0002972782309241486 1.0 1.0075612595489774 1.0075612595489774 -0.0005872445114842861
60129.96603066165 4.5 0.5 1.0075769440725857 0.00029725592929490054 1.0 1.0075609560347967 1.0075609560347967 1.5988037789016474e-05
60129.966514043634 4.5 0.5 1.0076845359315012 0.0002971936774649235 1.0 1.0075606525206158 1.0075606525206158 0.0001238834108854281
60129.96699742562 4.5 0.5 1.0073435388634604 0.0002972116632783945 1.0 1.007560349006435 1.007560349006435 -0.00021681014297469936
60129.9674808076 4.5 0.5 1.008001900481568 0.00029727481435867504 1.0 1.0075600454922542 1.0075600454922542 0.0004418549893137058
60129.96796418959 4.5 0.5 1.0073522323380737 0.0002972819857566205 1.0 1.0075597419780689 1.0075597419780689 -0.0002075096399951626
60129.96844757158 4.5 0.5 "" "" 1.0 1.007559438463888 1.007559438463888 ""
60129.96893095356 4.5 0.5 1.007623838358932 0.0002973666249904886 1.0 1.0075591349497073 1.0075591349497073 6.470340922470896e-05
60129.96941433555 4.5 0.5 1.0076562503109634 0.0002973023889056224 1.0 1.0075588314355217 1.0075588314355217 9.741887544167938e-05
60129.96989771753 4.5 0.5 1.0076345951685806 0.00029732647619921135 1.0 1.0075585279213455 1.0075585279213455 7.606724723507874e-05
60129.97038109951 4.5 0.5 1.0079908851301986 0.00029738159367583933 1.0 1.0075582244071648 1.0075582244071648 0.00043266072303382863
60129.9708644815 4.5 0.5 1.0076122841048611 0.00029723928668586274 1.0 1.007557920892984 1.007557920892984 5.436321187723969e-05
60129.97134786348 4.5 0.5 1.0072664665125224 0.00029733785990807563 1.0 1.007557617378803 1.007557617378803 -0.0002911508662806206
60129.97183124547 4.5 0.5 1.0071211038133423 0.0002972066668732999 1.0 1.0075573138646177 1.0075573138646177 -0.0004362100512753653
60129.972314627455 4.5 0.5 1.007800925407152 0.00029734782487962207 1.0 1.007557010350437 1.007557010350437 0.00024391505671506053
60129.97279800944 4.5 0.5 1.0078647974970638 0.00029733198893691724 1.0 1.007556706836256 1.007556706836256 0.00030809066080772496
60129.97328139143 4.5 0.5 1.0074501246573087 0.00029725575431722865 1.0 1.0075564033220707 1.0075564033220707 -0.00010627866476209391
60129.973764773415 4.5 0.5 1.0068594290167339 0.0002970915754419503 1.0 1.0075560998078898 1.0075560998078898 -0.0006966707911559844
60129.97424815539 4.5 0.5 1.0070313736464032 0.00029717712847249 1.0 1.0075557962937136 1.0075557962937136 -0.0005244226473104519
60129.97473153738 4.5 0.5 1.0075115144214308 0.0002972885703254563 1.0 1.0075554927795283 1.0075554927795283 -4.397835809744066e-05
60129.97521491937 4.5 0.5 1.0073346595460584 0.0002972815744730293 1.0 1.0075551892653474 1.0075551892653474 -0.00022052971928898657
60129.97569830135 4.5 0.5 1.007676368714214 0.00029727549774526417 1.0 1.0075548857511667 1.0075548857511667 0.00012148296304737016
60129.97618168334 4.5 0.5 1.0075765030245736 0.00029731900442381504 1.0 1.0075545822369814 1.0075545822369814 2.192078759222227e-05
60129.976665065326 4.5 0.5 1.007240926151299 0.000297234855189307 1.0 1.0075542787228005 1.0075542787228005 -0.00031335257150155726
60129.97714844731 4.5 0.5 1.007695409933787 0.0002972904846288269 1.0 1.0075539752086196 1.0075539752086196 0.00014143472516736644
60129.9776318293 4.5 0.5 1.0074414056464813 0.0002971798639741821 1.0 1.0075536716944342 1.0075536716944342 -0.00011226604795289141
60129.97811521128 4.5 0.5 1.0072309262427013 0.00029718927629141537 1.0 1.007553368180258 1.007553368180258 -0.0003224419375567056
60129.97859859326 4.5 0.5 1.0076087422026605 0.00029729003959505436 1.0 1.0075530646660773 1.0075530646660773 5.567753658319852e-05
60129.97908197525 4.5 0.5 1.0076968278481806 0.0002972959654335852 1.0 1.0075527611518917 1.0075527611518917 0.00014406669628885815
60129.97956535724 4.5 0.5 1.0078407315529896 0.0002972766873687339 1.0 1.007552457637711 1.007552457637711 0.0002882739152785252
60129.98004873922 4.5 0.5 1.0078050104463825 0.0002973223800838531 1.0 1.0075521541235302 1.0075521541235302 0.00025285632285232396
60129.98053212121 4.5 0.5 1.0079535645997821 0.00029730340808428914 1.0 1.0075518506093448 1.0075518506093448 0.0004017139904373135
60129.98101550319 4.5 0.5 1.0073846821496766 0.00029726934623304784 1.0 1.0075515470951686 1.0075515470951686 -0.0001668649454920068
60129.98149888518 4.5 0.5 1.0072707539109997 0.000297346248377446 1.0 1.0075512435809832 1.0075512435809832 -0.000280489669983508
60129.981982267156 4.5 0.5 1.0077066854300025 0.00029727368694096513 1.0 1.007550940066807 1.007550940066807 0.00015574536319551413
60129.98246564914 4.5 0.5 1.007822779594685 0.00029730702315775666 1.0 1.007550636552626 1.007550636552626 0.0002721430420589144
60129.98294903113 4.5 0.5 1.0073658578425073 0.00029727356958917755 1.0 1.0075503330384408 1.0075503330384408 -0.0001844751959334534
60129.983432413115 4.5 0.5 1.0080163922004464 0.0002973447540584094 1.0 1.0075500295242599 1.0075500295242599 0.00046636267618649363
60129.9839157951 4.5 0.5 1.007638728115607 0.0002973032214485646 1.0 1.0075497260100792 1.0075497260100792 8.900210552775789e-05
60129.98439917709 4.5 0.5 1.0075142440938571 0.0002972678069562885 1.0 1.0075494224958939 1.0075494224958939 -3.51784020367063e-05
60129.984882559074 4.5 0.5 1.0077019304228876 0.0002973390701717625 1.0 1.007549118981713 1.007549118981713 0.0001528114411746273
60129.98536594106 4.5 0.5 1.0075244421392338 0.0002972714917355583 1.0 1.007548815467532 1.007548815467532 -2.4373328298299413e-05
60129.98584932305 4.5 0.5 1.0069983501010875 0.00029718517722640667 1.0 1.0075485119533467 1.0075485119533467 -0.0005501618522592011
60129.986332705026 4.5 0.5 1.0074249224894773 0.0002972745731841519 1.0 1.0075482084391705 1.0075482084391705 -0.00012328594969313045
60129.98681608701 4.5 0.5 1.0076442347031842 0.00029722886112684867 1.0 1.0075479049249896 1.0075479049249896 9.632977819462596e-05
60129.987299469 4.5 0.5 1.0069490947856787 0.0002972806619920905 1.0 1.0075476014108042 1.0075476014108042 -0.0005985066251255056
60129.987782850985 4.5 0.5 1.0076242905793424 0.0002973021370007829 1.0 1.0075472978966236 1.0075472978966236 7.699268271887938e-05
60129.98826623297 4.5 0.5 1.0071680722164964 0.0002972021227735352 1.0 1.0075469943824427 1.0075469943824427 -0.0003789221659462605
60129.98874961496 4.5 0.5 1.0077338553650115 0.0002972669645479667 1.0 1.0075466908682573 1.0075466908682573 0.00018716449675415525
60129.989232996944 4.5 0.5 1.0075429104542952 0.0002973065181564831 1.0 1.0075463873540764 1.0075463873540764 -3.476899781196252e-06
60129.98971637893 4.5 0.5 1.0077136305274537 0.0002973123513168626 1.0 1.0075460838398957 1.0075460838398957 0.0001675466875579179
60129.99019976092 4.5 0.5 1.0072187484855173 0.0002972355555998454 1.0 1.0075457803257102 1.0075457803257102 -0.0003270318401928929
60129.990683142896 4.5 0.5 1.0076009360774516 0.0002973076161027664 1.0 1.007545476811534 1.007545476811534 5.545926591765671e-05
60129.99116652488 4.5 0.5 1.007364972643166 0.00029727691019941515 1.0 1.0075451732973533 1.0075451732973533 -0.00018020065418733466
60129.99164990687 4.5 0.5 1.0076245527301957 0.0002972921712855612 1.0 1.007544869783168 1.007544869783168 7.968294702775935e-05
60129.99213328885 4.5 0.5 1.0077654700697445 0.00029732152632258775 1.0 1.0075445662689917 1.0075445662689917 0.00022090380075279192
60129.99261667084 4.5 0.5 1.0075517897813835 0.0002972985220708111 1.0 1.0075442627548061 1.0075442627548061 7.527026577358598e-06
60129.99310005282 4.5 0.5 1.0073801613447122 0.0002972252118491369 1.0 1.0075439592406255 1.0075439592406255 -0.00016379789591325356
60129.99358343481 4.5 0.5 1.007800716181597 0.0002973715697517102 1.0 1.0075436557264446 1.0075436557264446 0.0002570604551523914
60129.9940668168 4.5 0.5 1.0071400810350177 0.00029721014599745486 1.0 1.0075433522122592 1.0075433522122592 -0.0004032711772414821
60129.99455019878 4.5 0.5 1.007111606532903 0.000297278863198892 1.0 1.0075430486980783 1.0075430486980783 -0.00043144216517521095
60129.99503358076 4.5 0.5 1.007251898129243 0.00029725737110014404 1.0 1.007542745183902 1.007542745183902 -0.00029084705465898253
60129.99551696275 4.5 0.5 1.0071860683796183 0.0002972224353124934 1.0 1.0075424416697167 1.0075424416697167 -0.0003563732900984107
60129.996000344734 4.5 0.5 1.0079204113960503 0.00029734184162768514 1.0 1.007542138155536 1.007542138155536 0.0003782732405142042
60129.99648372672 4.5 0.5 1.0078894320285898 0.0002972800897691554 1.0 1.0075418346413552 1.0075418346413552 0.00034759738723466604
60129.99696710871 4.5 0.5 1.0077334709037786 0.0002973914931283702 1.0 1.0075415311271698 1.0075415311271698 0.00019193977660880712
60129.99745049069 4.5 0.5 1.0072220072565499 0.0002972850416128039 1.0 1.007541227612989 1.007541227612989 -0.0003192203564390539
60129.99793387268 4.5 0.5 1.0076932982544073 0.00029720981580087953 1.0 1.0075409240988082 1.0075409240988082 0.00015237415559909984
60129.99841725467 4.5 0.5 1.0072487141292468 0.0002972550877167206 1.0 1.0075406205846227 1.0075406205846227 -0.0002919064553759121
60129.99890063665 4.5 0.5 1.0079802161029132 0.0002973399116376932 1.0 1.007540317070442 1.007540317070442 0.00043989903247121376
60129.999384018636 4.5 0.5 1.0075830812602982 0.00029731053332140165 1.0 1.007540013556261 1.007540013556261 4.306770403705862e-05
60129.99986740062 4.5 0.5 1.0074217293796037 0.00029730171121497974 1.0 1.0075397100420804 1.0075397100420804 -0.00011798066247670214
60130.000350782604 4.5 0.5 1.0076109438047587 0.00029727122693977925 1.0 1.0075394065278995 1.0075394065278995 7.153727685915712e-05
60130.00083416459 4.5 0.5 1.0076151637070507 0.00029731264267211484 1.0 1.0075391030137186 1.0075391030137186 7.606069333210286e-05
60130.00131754658 4.5 0.5 1.007512535006328 0.0002972596004611543 1.0 1.0075387994995333 1.0075387994995333 -2.626449320519697e-05
60130.00180092856 4.5 0.5 1.0078708303244333 0.0002972879150810449 1.0 1.0075384959853526 1.0075384959853526 0.00033233433908064214
60130.00228431055 4.5 0.5 1.0075821112216292 0.0002972766314868972 1.0 1.0075381924711717 1.0075381924711717 4.3918750457505595e-05
60130.00276769254 4.5 0.5 1.0073498711431041 0.00029726389128776785 1.0 1.0075378889569864 1.0075378889569864 -0.00018801781388222416
60130.003251074515 4.5 0.5 1.007664102015903 0.00029725853394275444 1.0 1.0075375854428101 1.0075375854428101 0.0001265165730928164
60130.003734456506 4.5 0.5 1.0077041028410012 0.00029730182282377535 1.0 1.0075372819286248 1.0075372819286248 0.00016682091237640861
60130.00421783849 4.5 0.5 1.007877642892986 0.00029734791545117103 1.0 1.007536978414444 1.007536978414444 0.0003406644785421964
60130.004701220474 4.5 0.5 1.0075272557712927 0.00029725687485051677 1.0 1.007536674900263 1.007536674900263 -9.419128970344914e-06
60130.00518460246 4.5 0.5 1.007394000945538 0.0002971990918133529 1.0 1.0075363713860823 1.0075363713860823 -0.00014237044054432602
60130.00566798444 4.5 0.5 1.007231261398911 0.0002972628116318135 1.0 1.0075360678719014 1.0075360678719014 -0.0003048064729904709
60130.006151366426 4.5 0.5 1.0077530221531312 0.000297304110882159 1.0 1.0075357643577205 1.0075357643577205 0.000217257795410708
60130.00663474842 4.5 0.5 1.0078801790194545 0.0002973312512934937 1.0 1.0075354608435352 1.0075354608435352 0.00034471817591930076
60130.0071181304 4.5 0.5 1.0077365428283125 0.000297341363426039 1.0 1.0075351573293545 1.0075351573293545 0.0002013854989579844
60130.007601512385 4.5 0.5 1.0076126925082582 0.00029731066506439614 1.0 1.0075348538151736 1.0075348538151736 7.783869308464197e-05
60130.008084894376 4.5 0.5 1.0070472838301836 0.0002971707667980875 1.0 1.0075345503009883 1.0075345503009883 -0.00048726647080465924
60130.00856827636 4.5 0.5 1.0073764546848212 0.00029724577569666154 1.0 1.0075342467868074 1.0075342467868074 -0.0001577921019861872
60130.009051658344 4.5 0.5 1.0076500076319643 0.0002973489661980425 1.0 1.0075339432726267 1.0075339432726267 0.00011606435933764203
60130.009535040335 4.5 0.5 1.0080455986123833 0.00029738873805537625 1.0 1.0075336397584411 1.0075336397584411 0.0005119588539421738
60130.01001842232 4.5 0.5 1.0075647412127409 0.00029723268643632735 1.0 1.0075333362442604 1.0075333362442604 3.1404968480419626e-05
60130.010501804296 4.5 0.5 1.0078367075641599 0.00029733637064144715 1.0 1.0075330327300842 1.0075330327300842 0.0003036748340756734
60130.01098518629 4.5 0.5 1.0071351271182218 0.0002973031937504788 1.0 1.0075327292158989 1.0075327292158989 -0.00039760209767703003
60130.01146856827 4.5 0.5 1.007810525027727 0.00029731386591170264 1.0 1.007532425701718 1.007532425701718 0.0002780993260089737
60130.011951950255 4.5 0.5 1.0079210683024804 0.0002973298211736615 1.0 1.007532122187537 1.007532122187537 0.00038894611494333375
60130.012435332246 4.5 0.5 1.0071760224523756 0.00029723521814981773 1.0 1.0075318186733517 1.0075318186733517 -0.0003557962209761456
60130.01291871423 4.5 0.5 1.00805778960735 0.00029737996704447544 1.0 1.007531515159171 1.007531515159171 0.0005262744481788761
60130.013402096214 4.5 0.5 1.0072072221661421 0.0002972867141239787 1.0 1.0075312116449902 1.0075312116449902 -0.0003239894788480413
60130.0138854782 4.5 0.5 1.0070354557560153 0.00029722974806596213 1.0 1.0075309081308093 1.0075309081308093 -0.000495452374793981
60130.01436886018 4.5 0.5 1.0076794286390511 0.00029719355283975456 1.0 1.0075306046166286 1.0075306046166286 0.00014882402242255566
60130.01485224217 4.5 0.5 1.0075722334454909 0.0002972798165613348 1.0 1.0075303011024432 1.0075303011024432 4.193234304761262e-05
60130.01533562416 4.5 0.5 1.007476833645652 0.0002973204397605658 1.0 1.0075299975882623 1.0075299975882623 -5.316394261023483e-05
60130.01581900614 4.5 0.5 1.0077178489701881 0.0002972886152695162 1.0 1.0075296940740814 1.0075296940740814 0.0001881548961066848
60130.016302388125 4.5 0.5 1.0073576767290486 0.000297284376163688 1.0 1.0075293905599008 1.0075293905599008 -0.0001717138308521271
60130.01678577011 4.5 0.5 1.0080821871382974 0.00029737215376530345 1.0 1.0075290870457199 1.0075290870457199 0.0005531000925775853
60130.01726915209 4.5 0.5 1.0077516697015632 0.0002973531571591438 1.0 1.0075287835315392 1.0075287835315392 0.0002228861700239726
60130.017752534084 4.5 0.5 1.00752747419909 0.0002972496538073242 1.0 1.0075284800173536 1.0075284800173536 -1.0058182635663826e-06
60130.01823591607 4.5 0.5 1.0067379901609526 0.00029718639757594776 1.0 1.007528176503173 1.007528176503173 -0.0007901863422203892
60130.01871929805 4.5 0.5 1.007284718254212 0.00029714870815622367 1.0 1.007527872988992 1.007527872988992 -0.0002431547347800933
60130.01920268004 4.5 0.5 1.0072141222924276 0.00029726591994903634 1.0 1.0075275694748067 1.0075275694748067 -0.00031344718237913405
60130.01968606203 4.5 0.5 1.0081872823925402 0.0002973410539557273 1.0 1.0075272659606258 1.0075272659606258 0.0006600164319143786
60130.02016944401 4.5 0.5 1.0075048197759489 0.0002972615858618918 1.0 1.0075269624464451 1.0075269624464451 -2.2142670496272387e-05
60130.020652826 4.5 0.5 1.0073602403361424 0.0002972525666965358 1.0 1.0075266589322598 1.0075266589322598 -0.0001664185961174347
60130.021136207986 4.5 0.5 1.0075421859367566 0.000297309834500868 1.0 1.007526355418079 1.007526355418079 1.583051867770635e-05
60130.02161958997 4.5 0.5 1.0076728880401185 0.0002973032430607568 1.0 1.007526051903898 1.007526051903898 0.00014683613622046288
60130.02210297196 4.5 0.5 1.0071696830885468 0.00029715502784620685 1.0 1.0075257483897126 1.0075257483897126 -0.000356065301165831
60130.02258635394 4.5 0.5 1.007183362603783 0.0002971873599744351 1.0 1.0075254448755364 1.0075254448755364 -0.0003420822717534744
60130.02306973592 4.5 0.5 1.0077580410240616 0.0002973405477032999 1.0 1.0075251413613557 1.0075251413613557 0.0002328996627058988
60130.02355311791 4.5 0.5 1.0072626953761488 0.00029720826183188547 1.0 1.0075248378471702 1.0075248378471702 -0.0002621424710214093
60130.0240364999 4.5 0.5 1.0078610402869728 0.00029737107514182055 1.0 1.0075245343329895 1.0075245343329895 0.0003365059539832682
60130.02451988188 4.5 0.5 1.0073063988099564 0.00029723891691866834 1.0 1.0075242308188086 1.0075242308188086 -0.00021783200885217013
60130.025003263865 4.5 0.5 1.0078738032597914 0.00029733748734349786 1.0 1.0075239273046277 1.0075239273046277 0.00034987595516366987
60130.02548664585 4.5 0.5 1.0070595521368637 0.0002972654641648071 1.0 1.007523623790447 1.007523623790447 -0.00046407165358330893
60130.02597002784 4.5 0.5 1.007236281898469 0.00029721048954976445 1.0 1.0075233202762617 1.0075233202762617 -0.00028703837779264774
60130.026453409824 4.5 0.5 1.007401336520448 0.00029726274316251125 1.0 1.0075230167620808 1.0075230167620808 -0.00012168024163283775
60130.02693679181 4.5 0.5 1.0076028746198165 0.00029735388957283405 1.0 1.0075227132478999 1.0075227132478999 8.016137191657613e-05
60130.0274201738 4.5 0.5 1.0072914035928329 0.0002972462733370389 1.0 1.0075224097337145 1.0075224097337145 -0.00023100614088167326
60130.02790355578 4.5 0.5 1.0077986483276877 0.0002973124021386531 1.0 1.0075221062195339 1.0075221062195339 0.0002765421081538655
60130.02838693777 4.5 0.5 1.0077262431485638 0.0002973332298817475 1.0 1.007521802705353 1.007521802705353 0.00020444044321088484
60130.02887031976 4.5 0.5 1.0076041166727692 0.0002972969044558247 1.0 1.0075214991911676 1.0075214991911676 8.261748160154347e-05
60130.029353701735 4.5 0.5 1.0073216123543272 0.0002972522402797337 1.0 1.0075211956769914 1.0075211956769914 -0.00019958332266423184
60130.02983708372 4.5 0.5 1.0073335820899683 0.00029729239577381373 1.0 1.0075208921628105 1.0075208921628105 -0.00018731007284222834
60130.03032046571 4.5 0.5 1.0075163980183997 0.0002973372355980738 1.0 1.0075205886486251 1.0075205886486251 -4.190630225497927e-06
60130.030803847694 4.5 0.5 1.007759188229472 0.0002972477899988288 1.0 1.0075202851344442 1.0075202851344442 0.00023890309502783147
60130.03128722968 4.5 0.5 1.0075316560540288 0.000297244453311931 1.0 1.0075199816202636 1.0075199816202636 1.1674433765263004e-05
60130.03177061167 4.5 0.5 1.0074676383088201 0.0002973249902191392 1.0 1.0075196781060782 1.0075196781060782 -5.20397972580966e-05
60130.03225399365 4.5 0.5 1.0078281400939935 0.00029728553912746137 1.0 1.0075193745918973 1.0075193745918973 0.00030876550209613107
60130.03273737564 4.5 0.5 1.0078691486471554 0.00029728574840550206 1.0 1.0075190710777164 1.0075190710777164 0.00035007756943894464
60130.03322075763 4.5 0.5 1.0072721039324009 0.0002972901984651637 1.0 1.007518767563531 1.007518767563531 -0.0002466636311302395
60130.03370413961 4.5 0.5 1.00757197835959 0.0002972808036727124 1.0 1.0075184640493504 1.0075184640493504 5.3514310239588525e-05
60130.034187521596 4.5 0.5 1.007909342361186 0.00029737098334858765 1.0 1.0075181605351695 1.0075181605351695 0.00039118182601649565
60130.03467090359 4.5 0.5 1.0073607258228146 0.0002972532139548948 1.0 1.0075178570209842 1.0075178570209842 -0.0001571311981696244
60130.03515428557 4.5 0.5 1.007852595000571 0.0002973018785982386 1.0 1.0075175535068033 1.0075175535068033 0.0003350414937677293
60130.035637667555 4.5 0.5 1.0070322092799757 0.0002972334660638578 1.0 1.0075172499926226 1.0075172499926226 -0.0004850407126468781
60130.03612104954 4.5 0.5 1.0080232327900553 0.0002973051517265041 1.0 1.0075169464784417 1.0075169464784417 0.0005062863116136462
60130.03660443152 4.5 0.5 1.0078330726921023 0.00029728434877000743 1.0 1.0075166429642608 1.0075166429642608 0.00031642972784151624
60130.03708781351 4.5 0.5 1.0076031709622595 0.00029728300920080247 1.0 1.0075163394500801 1.0075163394500801 8.683151217936391e-05
60130.03757119549 4.5 0.5 1.0078553698335475 0.00029731945703708075 1.0 1.0075160359358992 1.0075160359358992 0.00033933389764828625
60130.038054577475 4.5 0.5 1.0075688822927604 0.0002972199419678702 1.0 1.0075157324217185 1.0075157324217185 5.314987104187985e-05
