60106.8453575303 0.9995484708 0.0000000000 SOSS
60106.8457390487 0.9998505186 0.0000000000 SOSS
60106.8461205670 0.9999394476 0.0000000000 SOSS
60106.8465020854 1.0000740917 0.0000000000 SOSS
60106.8468836038 1.0000351922 0.0000000000 SOSS
60106.8472651221 1.0001000181 0.0000000000 SOSS
60106.8476466405 1.0000784608 0.0000000000 SOSS
60106.8480281588 0.9999062624 0.0000000000 SOSS
60106.8484096772 0.9999102881 0.0000000000 SOSS
60106.8487911956 0.9996870393 0.0000000000 SOSS
60106.8491727139 0.9997569593 0.0000000000 SOSS
60106.8495542323 1.0000828430 0.0000000000 SOSS
60106.8499357506 1.0001821464 0.0000000000 SOSS
60106.8503172690 0.9999321013 0.0000000000 SOSS
60106.8506987874 0.9999218428 0.0000000000 SOSS
60106.8510803057 1.0001536776 0.0000000000 SOSS
60106.8514618241 1.0002639076 0.0000000000 SOSS
60106.8518433424 1.0001664245 0.0000000000 SOSS
60106.8522248608 0.9998727047 0.0000000000 SOSS
60106.8526063792 0.9998681275 0.0000000000 SOSS
60106.8529878975 0.9998799968 0.0000000000 SOSS
60106.8533694159 1.0003089923 0.0000000000 SOSS
60106.8537509342 1.0000791680 0.0000000000 SOSS
60106.8541324526 1.0002400660 0.0000000000 SOSS
60106.8545139710 1.0001570116 0.0000000000 SOSS
60106.8548954893 0.9998833795 0.0000000000 SOSS
60106.8552770077 1.0001878091 0.0000000000 SOSS
60106.8556585260 0.9999789215 0.0000000000 SOSS
60106.8560400444 0.9998703860 0.0000000000 SOSS
60106.8564215627 0.9999894284 0.0000000000 SOSS
60106.8568030811 0.9998092864 0.0000000000 SOSS
60106.8571845995 1.0000072413 0.0000000000 SOSS
60106.8575661178 0.9996689707 0.0000000000 SOSS
60106.8579476362 1.0000247867 0.0000000000 SOSS
60106.8583291545 0.9998768893 0.0000000000 SOSS
60106.8587106729 0.9996135257 0.0000000000 SOSS
60106.8590921912 1.0000557086 0.0000000000 SOSS
60106.8594737096 0.9999927587 0.0000000000 SOSS
60106.8598552280 1.0000599228 0.0000000000 SOSS
60106.8602367463 0.9999365248 0.0000000000 SOSS
60106.8606182647 0.9998735136 0.0000000000 SOSS
60106.8609997830 1.0000412927 0.0000000000 SOSS
60106.8613813014 0.9998449053 0.0000000000 SOSS
60106.8617628197 0.9997029014 0.0000000000 SOSS
60106.8621443381 1.0000783023 0.0000000000 SOSS
60106.8625258565 0.9998935749 0.0000000000 SOSS
60106.8629073748 0.9998292909 0.0000000000 SOSS
60106.8632888932 0.9997802405 0.0000000000 SOSS
60106.8636704115 0.9998912236 0.0000000000 SOSS
60106.8640519299 0.9998908152 0.0000000000 SOSS
60106.8644334482 0.9999364416 0.0000000000 SOSS
60106.8648149666 1.0000863991 0.0000000000 SOSS
60106.8651964849 1.0000629072 0.0000000000 SOSS
60106.8655780033 0.9997914459 0.0000000000 SOSS
60106.8659595217 0.9997450793 0.0000000000 SOSS
60106.8663410400 0.9998534823 0.0000000000 SOSS
60106.8667225584 0.9999315503 0.0000000000 SOSS
60106.8671040767 0.9999440422 0.0000000000 SOSS
60106.8674855951 0.9998051345 0.0000000000 SOSS
60106.8678671134 0.9997778763 0.0000000000 SOSS
60106.8682486318 0.9997540477 0.0000000000 SOSS
60106.8686301502 1.0000954334 0.0000000000 SOSS
60106.8690116685 0.9998496700 0.0000000000 SOSS
60106.8693931869 1.0003026793 0.0000000000 SOSS
60106.8697747052 1.0001725777 0.0000000000 SOSS
60106.8701562236 0.9999995189 0.0000000000 SOSS
60106.8705377419 0.9999038943 0.0000000000 SOSS
60106.8709192603 0.9997878444 0.0000000000 SOSS
60106.8713007786 0.9997272174 0.0000000000 SOSS
60106.8716822970 0.9999076083 0.0000000000 SOSS
60106.8720638153 0.9999189662 0.0000000000 SOSS
60106.8724453337 1.0003312482 0.0000000000 SOSS
60106.8728268521 0.9998386650 0.0000000000 SOSS
60106.8732083704 0.9999575806 0.0000000000 SOSS
60106.8735898888 0.9999673651 0.0000000000 SOSS
60106.8739714071 1.0002390953 0.0000000000 SOSS
60106.8743529255 1.0000420412 0.0000000000 SOSS
60106.8747344438 0.9999166299 0.0000000000 SOSS
60106.8751159622 0.9996111922 0.0000000000 SOSS
60106.8754974805 0.9999532643 0.0000000000 SOSS
60106.8758789989 0.9999061714 0.0000000000 SOSS
60106.8762605172 0.9998623058 0.0000000000 SOSS
60106.8766420356 0.9994835269 0.0000000000 SOSS
60106.8770235539 1.0000548220 0.0000000000 SOSS
60106.8774050723 1.0000764558 0.0000000000 SOSS
60106.8777865907 0.9999279386 0.0000000000 SOSS
60106.8781681090 1.0001053067 0.0000000000 SOSS
60106.8785496274 1.0001788533 0.0000000000 SOSS
60106.8789311457 0.9999757595 0.0000000000 SOSS
60106.8793126641 0.9999839539 0.0000000000 SOSS
60106.8796941824 1.0000291617 0.0000000000 SOSS
60106.8800757008 1.0000583065 0.0000000000 SOSS
60106.8804572191 0.9998393900 0.0000000000 SOSS
60106.8808387375 0.9998089509 0.0000000000 SOSS
60106.8812202558 0.9997680045 0.0000000000 SOSS
60106.8816017742 0.9999196185 0.0000000000 SOSS
60106.8819832925 1.0001624634 0.0000000000 SOSS
60106.8823648109 1.0001121920 0.0000000000 SOSS
60106.8827463292 0.9999268380 0.0000000000 SOSS
60106.8831278476 0.9999706065 0.0000000000 SOSS
60106.8835093659 0.9999838724 0.0000000000 SOSS
60106.8838908843 0.9998498070 0.0000000000 SOSS
60106.8842724026 0.9996329161 0.0000000000 SOSS
60106.8846539210 0.9998800255 0.0000000000 SOSS
60106.8850354393 1.0002329448 0.0000000000 SOSS
60106.8854169577 0.9996964489 0.0000000000 SOSS
60106.8857984760 0.9997315932 0.0000000000 SOSS
60106.8861799944 0.9998126675 0.0000000000 SOSS
60106.8865615128 0.9998150258 0.0000000000 SOSS
60106.8869430311 1.0000718257 0.0000000000 SOSS
60106.8873245494 1.0000337208 0.0000000000 SOSS
60106.8877060678 0.9999934943 0.0000000000 SOSS
60106.8880875862 0.9999601385 0.0000000000 SOSS
60106.8884691045 0.9996274571 0.0000000000 SOSS
60106.8888506229 0.9999075442 0.0000000000 SOSS
60106.8892321412 0.9998091314 0.0000000000 SOSS
60106.8896136596 0.9997374989 0.0000000000 SOSS
60106.8899951779 0.9998340780 0.0000000000 SOSS
60106.8903766963 0.9998049979 0.0000000000 SOSS
60106.8907582146 0.9998362419 0.0000000000 SOSS
60106.8911397330 0.9997239823 0.0000000000 SOSS
60106.8915212513 0.9997394358 0.0000000000 SOSS
60106.8919027697 1.0000307227 0.0000000000 SOSS
60106.8922842880 0.9995526739 0.0000000000 SOSS
60106.8926658064 0.9998288861 0.0000000000 SOSS
60106.8930473247 1.0000785114 0.0000000000 SOSS
60106.8934288431 0.9998311918 0.0000000000 SOSS
60106.8938103614 0.9997937193 0.0000000000 SOSS
60106.8941918797 1.0000096271 0.0000000000 SOSS
60106.8945733981 0.9999914344 0.0000000000 SOSS
60106.8949549165 0.9996639755 0.0000000000 SOSS
60106.8953364348 0.9998073746 0.0000000000 SOSS
60106.8957179531 0.9998974195 0.0000000000 SOSS
60106.8960994715 1.0002321615 0.0000000000 SOSS
60106.8964809898 1.0000910635 0.0000000000 SOSS
60106.8968625082 1.0002155019 0.0000000000 SOSS
60106.8972440265 0.9999205807 0.0000000000 SOSS
60106.8976255449 1.0001081917 0.0000000000 SOSS
60106.8980070632 0.9998147105 0.0000000000 SOSS
60106.8983885816 1.0000137505 0.0000000000 SOSS
60106.8987700999 0.9998866979 0.0000000000 SOSS
60106.8991516183 1.0000255180 0.0000000000 SOSS
60106.8995331366 0.9999398964 0.0000000000 SOSS
60106.8999146550 1.0001200766 0.0000000000 SOSS
60106.9002961733 0.9999089979 0.0000000000 SOSS
60106.9006776917 0.9999166655 0.0000000000 SOSS
60106.9010592100 0.9999554799 0.0000000000 SOSS
60106.9014407284 0.9999048973 0.0000000000 SOSS
60106.9018222467 0.9999404138 0.0000000000 SOSS
60106.9022037651 1.0001870078 0.0000000000 SOSS
60106.9025852834 1.0004322564 0.0000000000 SOSS
60106.9029668018 0.9997074457 0.0000000000 SOSS
60106.9033483201 0.9998516937 0.0000000000 SOSS
60106.9037298385 0.9996355576 0.0000000000 SOSS
60106.9041113568 1.0001434878 0.0000000000 SOSS
60106.9044928752 0.9998587109 0.0000000000 SOSS
60106.9048743935 1.0000571136 0.0000000000 SOSS
60106.9052559118 1.0002506331 0.0000000000 SOSS
60106.9056374302 1.0001165347 0.0000000000 SOSS
60106.9060189485 0.9998623259 0.0000000000 SOSS
60106.9064004669 1.0001104549 0.0000000000 SOSS
60106.9067819852 1.0000804059 0.0000000000 SOSS
60106.9071635036 0.9998915153 0.0000000000 SOSS
60106.9075450219 1.0003976219 0.0000000000 SOSS
60106.9079265403 1.0002004431 0.0000000000 SOSS
60106.9083080586 1.0001220621 0.0000000000 SOSS
60106.9086895770 0.9999044896 0.0000000000 SOSS
60106.9090710953 1.0001680280 0.0000000000 SOSS
60106.9094526137 1.0001562860 0.0000000000 SOSS
60106.9098341320 1.0000317678 0.0000000000 SOSS
60106.9102156504 0.9999759392 0.0000000000 SOSS
60106.9105971687 1.0001690526 0.0000000000 SOSS
60106.9109786870 0.9998907390 0.0000000000 SOSS
60106.9113602054 0.9997672271 0.0000000000 SOSS
60106.9117417237 0.9997151696 0.0000000000 SOSS
60106.9121232421 0.9999840010 0.0000000000 SOSS
60106.9125047604 1.0000545592 0.0000000000 SOSS
60106.9128862788 1.0000071380 0.0000000000 SOSS
60106.9132677971 1.0001583194 0.0000000000 SOSS
60106.9136493155 1.0001246282 0.0000000000 SOSS
60106.9140308338 1.0000292580 0.0000000000 SOSS
60106.9144123522 1.0001869604 0.0000000000 SOSS
60106.9147938705 0.9998382750 0.0000000000 SOSS
60106.9151753888 0.9999000140 0.0000000000 SOSS
60106.9155569072 1.0000005348 0.0000000000 SOSS
60106.9159384255 0.9999242423 0.0000000000 SOSS
60106.9163199439 0.9997016920 0.0000000000 SOSS
60106.9167014622 0.9999540884 0.0000000000 SOSS
60106.9170829806 0.9998863551 0.0000000000 SOSS
60106.9174644989 0.9997866347 0.0000000000 SOSS
60106.9178460172 0.9999525725 0.0000000000 SOSS
60106.9182275356 1.0000881221 0.0000000000 SOSS
60106.9186090539 0.9999203668 0.0000000000 SOSS
60106.9189905723 1.0001404238 0.0000000000 SOSS
60106.9193720906 0.9998755178 0.0000000000 SOSS
60106.9197536090 0.9999269663 0.0000000000 SOSS
60106.9201351273 0.9997050021 0.0000000000 SOSS
60106.9205166457 0.9998131373 0.0000000000 SOSS
60106.9208981640 0.9996684128 0.0000000000 SOSS
60106.9212796823 0.9998685289 0.0000000000 SOSS
60106.9216612007 0.9995250371 0.0000000000 SOSS
60106.9220427190 1.0001954248 0.0000000000 SOSS
60106.9224242374 1.0000439243 0.0000000000 SOSS
60106.9228057557 1.0001335910 0.0000000000 SOSS
60106.9231872741 1.0000852209 0.0000000000 SOSS
60106.9235687924 0.9997555632 0.0000000000 SOSS
60106.9239503107 0.9999547021 0.0000000000 SOSS
60106.9243318291 1.0000125903 0.0000000000 SOSS
60106.9247133474 1.0000112183 0.0000000000 SOSS
60106.9250948658 0.9998159107 0.0000000000 SOSS
60106.9254763841 1.0000012855 0.0000000000 SOSS
60106.9258579025 0.9999315132 0.0000000000 SOSS
60106.9262394208 0.9999172439 0.0000000000 SOSS
60106.9266209391 0.9998404052 0.0000000000 SOSS
60106.9270024575 0.9999549746 0.0000000000 SOSS
60106.9273839758 1.0000294695 0.0000000000 SOSS
60106.9277654942 1.0002982215 0.0000000000 SOSS
60106.9281470125 0.9999590750 0.0000000000 SOSS
60106.9285285309 1.0000497870 0.0000000000 SOSS
60106.9289100492 0.9997725443 0.0000000000 SOSS
60106.9292915675 0.9998251576 0.0000000000 SOSS
60106.9296730859 0.9997486867 0.0000000000 SOSS
60106.9300546042 1.0000126932 0.0000000000 SOSS
60106.9304361226 0.9997658613 0.0000000000 SOSS
60106.9308176409 0.9996003856 0.0000000000 SOSS
60106.9311991592 1.0000565751 0.0000000000 SOSS
60106.9315806776 1.0003010726 0.0000000000 SOSS
60106.9319621959 1.0001371982 0.0000000000 SOSS
60106.9323437143 1.0000916928 0.0000000000 SOSS
60106.9327252326 1.0001854697 0.0000000000 SOSS
60106.9331067509 0.9999272469 0.0000000000 SOSS
60106.9334882693 1.0000314584 0.0000000000 SOSS
60106.9338697876 0.9999161591 0.0000000000 SOSS
60106.9342513060 0.9999435992 0.0000000000 SOSS
60106.9346328243 0.9999222749 0.0000000000 SOSS
60106.9350143426 0.9999856695 0.0000000000 SOSS
60106.9353958610 0.9999706880 0.0000000000 SOSS
60106.9357773793 0.9997180216 0.0000000000 SOSS
60106.9361588977 1.0000372766 0.0000000000 SOSS
60106.9365404160 0.9999209052 0.0000000000 SOSS
60106.9369219343 0.9999385016 0.0000000000 SOSS
60106.9373034527 1.0000497625 0.0000000000 SOSS
60106.9376849710 0.9999213472 0.0000000000 SOSS
60106.9380664894 1.0000463359 0.0000000000 SOSS
60106.9384480077 1.0000151583 0.0000000000 SOSS
60106.9388295260 0.9999204089 0.0000000000 SOSS
60106.9392110444 0.9996093877 0.0000000000 SOSS
60106.9395925627 1.0002234865 0.0000000000 SOSS
60106.9399740811 0.9998316354 0.0000000000 SOSS
60106.9403555994 1.0000784831 0.0000000000 SOSS
60106.9407371177 0.9999259074 0.0000000000 SOSS
60106.9411186361 0.9998188391 0.0000000000 SOSS
60106.9415001544 1.0000330095 0.0000000000 SOSS
60106.9418816728 1.0002046990 0.0000000000 SOSS
60106.9422631911 0.9997527097 0.0000000000 SOSS
60106.9426447094 1.0000740522 0.0000000000 SOSS
60106.9430262278 0.9995502799 0.0000000000 SOSS
60106.9434077461 1.0000534109 0.0000000000 SOSS
60106.9437892644 0.9996188696 0.0000000000 SOSS
60106.9441707828 0.9998130512 0.0000000000 SOSS
60106.9445523011 1.0002681860 0.0000000000 SOSS
60106.9449338195 0.9998557010 0.0000000000 SOSS
60106.9453153378 0.9998715515 0.0000000000 SOSS
60106.9456968561 1.0002306768 0.0000000000 SOSS
60106.9460783745 1.0000312074 0.0000000000 SOSS
60106.9464598928 1.0001877834 0.0000000000 SOSS
60106.9468414111 0.9999907432 0.0000000000 SOSS
60106.9472229295 1.0000513441 0.0000000000 SOSS
60106.9476044478 0.9999846695 0.0000000000 SOSS
60106.9479859662 1.0000560380 0.0000000000 SOSS
60106.9483674845 0.9995676466 0.0000000000 SOSS
60106.9487490028 0.9999425383 0.0000000000 SOSS
60106.9491305212 0.9995320373 0.0000000000 SOSS
60106.9495120395 0.9995174187 0.0000000000 SOSS
60106.9498935579 0.9992805446 0.0000000000 SOSS
60106.9502750762 0.9991921514 0.0000000000 SOSS
60106.9506565945 0.9992414325 0.0000000000 SOSS
60106.9510381129 0.9986199303 0.0000000000 SOSS
60106.9514196312 0.9979060171 0.0000000000 SOSS
60106.9518011495 0.9979771434 0.0000000000 SOSS
60106.9521826679 0.9975821276 0.0000000000 SOSS
60106.9525641862 0.9970358249 0.0000000000 SOSS
60106.9529457045 0.9967312608 0.0000000000 SOSS
60106.9533272229 0.9962790777 0.0000000000 SOSS
60106.9537087412 0.9958880720 0.0000000000 SOSS
60106.9540902595 0.9952801416 0.0000000000 SOSS
60106.9544717779 0.9945837257 0.0000000000 SOSS
60106.9548532962 0.9940994749 0.0000000000 SOSS
60106.9552348146 0.9936639828 0.0000000000 SOSS
60106.9556163329 0.9934064697 0.0000000000 SOSS
60106.9559978512 0.9927656505 0.0000000000 SOSS
60106.9563793696 0.9921865942 0.0000000000 SOSS
60106.9567608879 0.9914361773 0.0000000000 SOSS
60106.9571424062 0.9908112586 0.0000000000 SOSS
60106.9575239246 0.9903239054 0.0000000000 SOSS
60106.9579054429 0.9897654644 0.0000000000 SOSS
60106.9582869612 0.9890328228 0.0000000000 SOSS
60106.9586684796 0.9887305103 0.0000000000 SOSS
60106.9590499979 0.9882151181 0.0000000000 SOSS
60106.9594315162 0.9871107066 0.0000000000 SOSS
60106.9598130346 0.9867488327 0.0000000000 SOSS
60106.9601945529 0.9862427606 0.0000000000 SOSS
60106.9605760713 0.9856283042 0.0000000000 SOSS
60106.9609575896 0.9849071171 0.0000000000 SOSS
60106.9613391079 0.9846453727 0.0000000000 SOSS
60106.9617206263 0.9838012299 0.0000000000 SOSS
60106.9621021446 0.9831532359 0.0000000000 SOSS
60106.9624836629 0.9829545512 0.0000000000 SOSS
60106.9628651813 0.9826675512 0.0000000000 SOSS
60106.9632466996 0.9823863276 0.0000000000 SOSS
60106.9636282179 0.9820816895 0.0000000000 SOSS
60106.9640097363 0.9821341133 0.0000000000 SOSS
60106.9643912546 0.9816586319 0.0000000000 SOSS
60106.9647727729 0.9814586322 0.0000000000 SOSS
60106.9651542913 0.9812519013 0.0000000000 SOSS
60106.9655358096 0.9810627033 0.0000000000 SOSS
60106.9659173279 0.9811378946 0.0000000000 SOSS
60106.9662988463 0.9807318306 0.0000000000 SOSS
60106.9666803646 0.9809103103 0.0000000000 SOSS
60106.9670618829 0.9805326333 0.0000000000 SOSS
60106.9674434013 0.9803989530 0.0000000000 SOSS
60106.9678249196 0.9801669691 0.0000000000 SOSS
60106.9682064379 0.9796323157 0.0000000000 SOSS
60106.9685879563 0.9799493838 0.0000000000 SOSS
60106.9689694746 0.9795977601 0.0000000000 SOSS
60106.9693509929 0.9794993244 0.0000000000 SOSS
60106.9697325113 0.9794859429 0.0000000000 SOSS
60106.9701140296 0.9790783630 0.0000000000 SOSS
60106.9704955479 0.9792510807 0.0000000000 SOSS
60106.9708770663 0.9789149901 0.0000000000 SOSS
60106.9712585846 0.9788054065 0.0000000000 SOSS
60106.9716401029 0.9786283158 0.0000000000 SOSS
60106.9720216213 0.9789692029 0.0000000000 SOSS
60106.9724031396 0.9784204823 0.0000000000 SOSS
60106.9727846579 0.9784092404 0.0000000000 SOSS
60106.9731661762 0.9784099281 0.0000000000 SOSS
60106.9735476946 0.9782007552 0.0000000000 SOSS
60106.9739292129 0.9780456915 0.0000000000 SOSS
60106.9743107312 0.9779529202 0.0000000000 SOSS
60106.9746922496 0.9778549186 0.0000000000 SOSS
60106.9750737679 0.9780389967 0.0000000000 SOSS
60106.9754552862 0.9775669886 0.0000000000 SOSS
60106.9758368046 0.9777091005 0.0000000000 SOSS
60106.9762183229 0.9778549365 0.0000000000 SOSS
60106.9765998412 0.9775479875 0.0000000000 SOSS
60106.9769813596 0.9776603099 0.0000000000 SOSS
60106.9773628779 0.9776678650 0.0000000000 SOSS
60106.9777443962 0.9774000835 0.0000000000 SOSS
60106.9781259146 0.9775377018 0.0000000000 SOSS
60106.9785074329 0.9770637958 0.0000000000 SOSS
60106.9788889512 0.9773165433 0.0000000000 SOSS
60106.9792704695 0.9772703873 0.0000000000 SOSS
60106.9796519879 0.9770875704 0.0000000000 SOSS
60106.9800335062 0.9767380120 0.0000000000 SOSS
60106.9804150245 0.9767911765 0.0000000000 SOSS
60106.9807965429 0.9764553752 0.0000000000 SOSS
60106.9811780612 0.9767900528 0.0000000000 SOSS
60106.9815595795 0.9767065271 0.0000000000 SOSS
60106.9819410978 0.9764616687 0.0000000000 SOSS
60106.9823226162 0.9762116869 0.0000000000 SOSS
60106.9827041345 0.9761997145 0.0000000000 SOSS
60106.9830856528 0.9759847443 0.0000000000 SOSS
60106.9834671712 0.9765593803 0.0000000000 SOSS
60106.9838486895 0.9762179767 0.0000000000 SOSS
60106.9842302078 0.9759648133 0.0000000000 SOSS
60106.9846117262 0.9762097263 0.0000000000 SOSS
60106.9849932445 0.9761248729 0.0000000000 SOSS
60106.9853747628 0.9758441527 0.0000000000 SOSS
60106.9857562811 0.9759962356 0.0000000000 SOSS
60106.9861377995 0.9757765255 0.0000000000 SOSS
60106.9865193178 0.9756601837 0.0000000000 SOSS
60106.9869008361 0.9757281920 0.0000000000 SOSS
60106.9872823545 0.9756800781 0.0000000000 SOSS
60106.9876638728 0.9753680217 0.0000000000 SOSS
60106.9880453911 0.9759849328 0.0000000000 SOSS
60106.9884269094 0.9755670496 0.0000000000 SOSS
60106.9888084278 0.9756668942 0.0000000000 SOSS
60106.9891899461 0.9752001267 0.0000000000 SOSS
60106.9895714644 0.9755085098 0.0000000000 SOSS
60106.9899529828 0.9756187088 0.0000000000 SOSS
60106.9903345011 0.9754049468 0.0000000000 SOSS
60106.9907160194 0.9757283615 0.0000000000 SOSS
60106.9910975377 0.9756272127 0.0000000000 SOSS
60106.9914790561 0.9754923468 0.0000000000 SOSS
60106.9918605744 0.9752315771 0.0000000000 SOSS
60106.9922420927 0.9753814482 0.0000000000 SOSS
60106.9926236110 0.9754718875 0.0000000000 SOSS
60106.9930051294 0.9752558783 0.0000000000 SOSS
60106.9933866477 0.9750905622 0.0000000000 SOSS
60106.9937681660 0.9753384514 0.0000000000 SOSS
60106.9941496844 0.9751808434 0.0000000000 SOSS
60106.9945312027 0.9753363261 0.0000000000 SOSS
60106.9949127210 0.9751153172 0.0000000000 SOSS
60106.9952942393 0.9751680946 0.0000000000 SOSS
60106.9956757577 0.9755013076 0.0000000000 SOSS
60106.9960572760 0.9750388336 0.0000000000 SOSS
60106.9964387943 0.9749271862 0.0000000000 SOSS
60106.9968203126 0.9751392623 0.0000000000 SOSS
60106.9972018310 0.9750786978 0.0000000000 SOSS
60106.9975833493 0.9750783836 0.0000000000 SOSS
60106.9979648676 0.9750721358 0.0000000000 SOSS
60106.9983463860 0.9750569458 0.0000000000 SOSS
60106.9987279043 0.9752029395 0.0000000000 SOSS
60106.9991094226 0.9751262453 0.0000000000 SOSS
60106.9994909409 0.9749570413 0.0000000000 SOSS
60106.9998724593 0.9751242347 0.0000000000 SOSS
60107.0002539776 0.9749477933 0.0000000000 SOSS
60107.0006354959 0.9750359573 0.0000000000 SOSS
60107.0010170142 0.9751523774 0.0000000000 SOSS
60107.0013985326 0.9749240535 0.0000000000 SOSS
60107.0017800509 0.9748996588 0.0000000000 SOSS
60107.0021615692 0.9748908337 0.0000000000 SOSS
60107.0025430875 0.9746663103 0.0000000000 SOSS
60107.0029246058 0.9750954330 0.0000000000 SOSS
60107.0033061242 0.9750268439 0.0000000000 SOSS
60107.0036876425 0.9749204487 0.0000000000 SOSS
60107.0040691608 0.9748018385 0.0000000000 SOSS
60107.0044506791 0.9748554776 0.0000000000 SOSS
60107.0048321975 0.9751189461 0.0000000000 SOSS
60107.0052137158 0.9751045384 0.0000000000 SOSS
60107.0055952341 0.9749067377 0.0000000000 SOSS
60107.0059767524 0.9750759918 0.0000000000 SOSS
60107.0063582708 0.9748330242 0.0000000000 SOSS
60107.0067397891 0.9744827638 0.0000000000 SOSS
60107.0071213074 0.9747660795 0.0000000000 SOSS
60107.0075028257 0.9747884028 0.0000000000 SOSS
60107.0078843440 0.9747385648 0.0000000000 SOSS
60107.0082658624 0.9748190589 0.0000000000 SOSS
60107.0086473807 0.9748362783 0.0000000000 SOSS
60107.0090288990 0.9750799262 0.0000000000 SOSS
60107.0094104173 0.9747125417 0.0000000000 SOSS
60107.0097919357 0.9749921066 0.0000000000 SOSS
60107.0101734540 0.9751730214 0.0000000000 SOSS
60107.0105549723 0.9752451556 0.0000000000 SOSS
60107.0109364906 0.9748183150 0.0000000000 SOSS
60107.0113180090 0.9748223527 0.0000000000 SOSS
60107.0116995273 0.9746904446 0.0000000000 SOSS
60107.0120810456 0.9747549004 0.0000000000 SOSS
60107.0124625639 0.9747922815 0.0000000000 SOSS
60107.0128440823 0.9749551522 0.0000000000 SOSS
60107.0132256006 0.9749188256 0.0000000000 SOSS
60107.0136071189 0.9747027573 0.0000000000 SOSS
60107.0139886372 0.9749224523 0.0000000000 SOSS
60107.0143701555 0.9725005611 0.0000000000 SOSS
60107.0147516739 0.9749241931 0.0000000000 SOSS
60107.0151331922 0.9751428347 0.0000000000 SOSS
60107.0155147105 0.9748703287 0.0000000000 SOSS
60107.0158962288 0.9752408511 0.0000000000 SOSS
60107.0162777472 0.9749681717 0.0000000000 SOSS
60107.0166592655 0.9748471994 0.0000000000 SOSS
60107.0170407838 0.9752849584 0.0000000000 SOSS
60107.0174223021 0.9751512802 0.0000000000 SOSS
60107.0178038204 0.9751455273 0.0000000000 SOSS
60107.0181853388 0.9750498468 0.0000000000 SOSS
60107.0185668571 0.9752854191 0.0000000000 SOSS
60107.0189483754 0.9752720406 0.0000000000 SOSS
60107.0193298937 0.9756940046 0.0000000000 SOSS
60107.0197114120 0.9753362473 0.0000000000 SOSS
60107.0200929304 0.9754211877 0.0000000000 SOSS
60107.0204744487 0.9751898854 0.0000000000 SOSS
60107.0208559670 0.9752359628 0.0000000000 SOSS
60107.0212374853 0.9757129637 0.0000000000 SOSS
60107.0216190037 0.9754306925 0.0000000000 SOSS
60107.0220005220 0.9756167596 0.0000000000 SOSS
60107.0223820403 0.9758745841 0.0000000000 SOSS
60107.0227635586 0.9753236343 0.0000000000 SOSS
60107.0231450769 0.9760584179 0.0000000000 SOSS
60107.0235265953 0.9757609252 0.0000000000 SOSS
60107.0239081136 0.9760091008 0.0000000000 SOSS
60107.0242896319 0.9759825633 0.0000000000 SOSS
60107.0246711502 0.9760964804 0.0000000000 SOSS
60107.0250526685 0.9759937366 0.0000000000 SOSS
60107.0254341869 0.9760169950 0.0000000000 SOSS
60107.0258157052 0.9760889259 0.0000000000 SOSS
60107.0261972235 0.9763726923 0.0000000000 SOSS
60107.0265787418 0.9763966536 0.0000000000 SOSS
60107.0269602601 0.9761728087 0.0000000000 SOSS
60107.0273417785 0.9764069903 0.0000000000 SOSS
60107.0277232968 0.9767279232 0.0000000000 SOSS
60107.0281048151 0.9763821049 0.0000000000 SOSS
60107.0284863334 0.9766556531 0.0000000000 SOSS
60107.0288678517 0.9767856840 0.0000000000 SOSS
60107.0292493701 0.9767197126 0.0000000000 SOSS
60107.0296308884 0.9767874804 0.0000000000 SOSS
60107.0300124067 0.9768660866 0.0000000000 SOSS
60107.0303939250 0.9765472758 0.0000000000 SOSS
60107.0307754433 0.9772069080 0.0000000000 SOSS
60107.0311569617 0.9771445961 0.0000000000 SOSS
60107.0315384800 0.9769623875 0.0000000000 SOSS
60107.0319199983 0.9772605308 0.0000000000 SOSS
60107.0323015166 0.9769978071 0.0000000000 SOSS
60107.0326830349 0.9770728429 0.0000000000 SOSS
60107.0330645532 0.9770616598 0.0000000000 SOSS
60107.0334460716 0.9775480535 0.0000000000 SOSS
60107.0338275899 0.9774136230 0.0000000000 SOSS
60107.0342091082 0.9773007936 0.0000000000 SOSS
60107.0345906265 0.9776198513 0.0000000000 SOSS
60107.0349721448 0.9774532389 0.0000000000 SOSS
60107.0353536632 0.9774193462 0.0000000000 SOSS
60107.0357351815 0.9778239529 0.0000000000 SOSS
60107.0361166998 0.9777484810 0.0000000000 SOSS
60107.0364982181 0.9777029796 0.0000000000 SOSS
60107.0368797364 0.9778109738 0.0000000000 SOSS
60107.0372612547 0.9776813157 0.0000000000 SOSS
60107.0376427731 0.9779050259 0.0000000000 SOSS
60107.0380242914 0.9785184336 0.0000000000 SOSS
60107.0384058097 0.9781491506 0.0000000000 SOSS
60107.0387873280 0.9783691670 0.0000000000 SOSS
60107.0391688463 0.9782754252 0.0000000000 SOSS
60107.0395503647 0.9785997737 0.0000000000 SOSS
60107.0399318830 0.9788416028 0.0000000000 SOSS
60107.0403134013 0.9791178980 0.0000000000 SOSS
60107.0406949196 0.9791360136 0.0000000000 SOSS
60107.0410764379 0.9791441715 0.0000000000 SOSS
60107.0414579562 0.9795253338 0.0000000000 SOSS
60107.0418394745 0.9795152620 0.0000000000 SOSS
60107.0422209929 0.9796398498 0.0000000000 SOSS
60107.0426025112 0.9798762308 0.0000000000 SOSS
60107.0429840295 0.9798473435 0.0000000000 SOSS
60107.0433655478 0.9802286930 0.0000000000 SOSS
60107.0437470661 0.9802987420 0.0000000000 SOSS
60107.0441285844 0.9805762753 0.0000000000 SOSS
60107.0445101028 0.9805944037 0.0000000000 SOSS
60107.0448916211 0.9806475462 0.0000000000 SOSS
60107.0452731394 0.9810033223 0.0000000000 SOSS
60107.0456546577 0.9813363760 0.0000000000 SOSS
60107.0460361760 0.9812764564 0.0000000000 SOSS
60107.0464176943 0.9817295193 0.0000000000 SOSS
60107.0467992127 0.9818639053 0.0000000000 SOSS
60107.0471807310 0.9818413271 0.0000000000 SOSS
60107.0475622493 0.9820047039 0.0000000000 SOSS
60107.0479437676 0.9824177388 0.0000000000 SOSS
60107.0483252859 0.9829402802 0.0000000000 SOSS
60107.0487068042 0.9830910699 0.0000000000 SOSS
60107.0490883225 0.9831407491 0.0000000000 SOSS
60107.0494698409 0.9835636917 0.0000000000 SOSS
60107.0498513592 0.9839199335 0.0000000000 SOSS
60107.0502328775 0.9845032758 0.0000000000 SOSS
60107.0506143958 0.9852000585 0.0000000000 SOSS
60107.0509959141 0.9858660559 0.0000000000 SOSS
60107.0513774324 0.9861094238 0.0000000000 SOSS
60107.0517589507 0.9868102470 0.0000000000 SOSS
60107.0521404691 0.9873620935 0.0000000000 SOSS
60107.0525219874 0.9877795921 0.0000000000 SOSS
60107.0529035057 0.9884339524 0.0000000000 SOSS
60107.0532850240 0.9891298600 0.0000000000 SOSS
60107.0536665423 0.9894056004 0.0000000000 SOSS
60107.0540480606 0.9902047318 0.0000000000 SOSS
60107.0544295789 0.9908644557 0.0000000000 SOSS
60107.0548110972 0.9911451774 0.0000000000 SOSS
60107.0551926156 0.9919644105 0.0000000000 SOSS
60107.0555741339 0.9922064190 0.0000000000 SOSS
60107.0559556522 0.9930195040 0.0000000000 SOSS
60107.0563371705 0.9934414087 0.0000000000 SOSS
60107.0567186888 0.9937336602 0.0000000000 SOSS
60107.0571002071 0.9944091264 0.0000000000 SOSS
60107.0574817254 0.9950885579 0.0000000000 SOSS
60107.0578632438 0.9951509501 0.0000000000 SOSS
60107.0582447621 0.9959083547 0.0000000000 SOSS
60107.0586262804 0.9962468108 0.0000000000 SOSS
60107.0590077987 0.9965839643 0.0000000000 SOSS
60107.0593893170 0.9973922123 0.0000000000 SOSS
60107.0597708353 0.9977383638 0.0000000000 SOSS
60107.0601523536 0.9980246434 0.0000000000 SOSS
60107.0605338719 0.9981509533 0.0000000000 SOSS
60107.0609153903 0.9985142465 0.0000000000 SOSS
60107.0612969086 0.9990618579 0.0000000000 SOSS
60107.0616784269 0.9993025377 0.0000000000 SOSS
60107.0620599452 0.9995563779 0.0000000000 SOSS
60107.0624414635 0.9998695254 0.0000000000 SOSS
60107.0628229818 0.9999651407 0.0000000000 SOSS
60107.0632045001 0.9998660880 0.0000000000 SOSS
60107.0635860184 1.0001198063 0.0000000000 SOSS
60107.0639675367 1.0000264599 0.0000000000 SOSS
60107.0643490551 1.0001735274 0.0000000000 SOSS
60107.0647305734 1.0002725332 0.0000000000 SOSS
60107.0651120917 0.9998106271 0.0000000000 SOSS
60107.0654936100 0.9999405431 0.0000000000 SOSS
60107.0658751283 0.9999831256 0.0000000000 SOSS
60107.0662566466 0.9999612636 0.0000000000 SOSS
60107.0666381649 1.0001692517 0.0000000000 SOSS
60107.0670196832 1.0002132602 0.0000000000 SOSS
60107.0674012015 1.0000908839 0.0000000000 SOSS
60107.0677827199 0.9998194144 0.0000000000 SOSS
60107.0681642382 0.9999922870 0.0000000000 SOSS
60107.0685457565 1.0000529645 0.0000000000 SOSS
60107.0689272748 0.9999919006 0.0000000000 SOSS
60107.0693087931 1.0000909102 0.0000000000 SOSS
60107.0696903114 1.0002392310 0.0000000000 SOSS
60107.0700718297 1.0000163141 0.0000000000 SOSS
60107.0704533480 0.9999424282 0.0000000000 SOSS
60107.0708348663 1.0001228191 0.0000000000 SOSS
60107.0712163846 1.0002875507 0.0000000000 SOSS
60107.0715979030 1.0000275947 0.0000000000 SOSS
60107.0719794213 0.9999333329 0.0000000000 SOSS
60107.0723609396 0.9999105657 0.0000000000 SOSS
60107.0727424579 0.9998204521 0.0000000000 SOSS
60107.0731239762 0.9998020108 0.0000000000 SOSS
60107.0735054945 1.0002650852 0.0000000000 SOSS
60107.0738870128 0.9999506791 0.0000000000 SOSS
60107.0742685311 0.9997694267 0.0000000000 SOSS
60107.0746500494 0.9997801603 0.0000000000 SOSS
60107.0750315677 0.9999366746 0.0000000000 SOSS
60107.0754130861 1.0004227780 0.0000000000 SOSS
60107.0757946044 1.0000367025 0.0000000000 SOSS
60107.0761761227 1.0001276951 0.0000000000 SOSS
60107.0765576410 1.0000812674 0.0000000000 SOSS
60107.0769391593 1.0000885103 0.0000000000 SOSS
60107.0773206776 0.9998241706 0.0000000000 SOSS
60107.0777021959 0.9997081200 0.0000000000 SOSS
60107.0780837142 0.9999538143 0.0000000000 SOSS
60107.0784652325 1.0002639743 0.0000000000 SOSS
60107.0788467508 0.9998777858 0.0000000000 SOSS
60107.0792282691 0.9997556363 0.0000000000 SOSS
60107.0796097874 1.0002381988 0.0000000000 SOSS
60107.0799913058 0.9999317223 0.0000000000 SOSS
60107.0803728241 0.9999934103 0.0000000000 SOSS
60107.0807543424 0.9998155606 0.0000000000 SOSS
60107.0811358607 0.9996581915 0.0000000000 SOSS
60107.0815173790 0.9997126976 0.0000000000 SOSS
60107.0818988973 0.9998456608 0.0000000000 SOSS
60107.0822804156 0.9999186517 0.0000000000 SOSS
60107.0826619339 0.9999835258 0.0000000000 SOSS
60107.0830434522 0.9999217101 0.0000000000 SOSS
60107.0834249705 1.0001247124 0.0000000000 SOSS
60107.0838064888 1.0001108076 0.0000000000 SOSS
60107.0841880071 0.9997722216 0.0000000000 SOSS
60107.0845695254 0.9997789523 0.0000000000 SOSS
60107.0849510437 0.9999304976 0.0000000000 SOSS
60107.0853325621 0.9998589803 0.0000000000 SOSS
60107.0857140804 1.0001312042 0.0000000000 SOSS
60107.0860955987 1.0002182722 0.0000000000 SOSS
60107.0864771170 1.0001047977 0.0000000000 SOSS
60107.0868586353 0.9999794505 0.0000000000 SOSS
60107.0872401536 1.0000290204 0.0000000000 SOSS
60107.0876216719 0.9996794923 0.0000000000 SOSS
60107.0880031902 0.9998890974 0.0000000000 SOSS
60107.0883847085 1.0002443793 0.0000000000 SOSS
60107.0887662268 1.0004847261 0.0000000000 SOSS
60107.0891477451 1.0003413546 0.0000000000 SOSS
60107.0895292634 0.9997303305 0.0000000000 SOSS
60107.0899107817 0.9998174912 0.0000000000 SOSS
60107.0902923000 0.9999665353 0.0000000000 SOSS
60107.0906738183 1.0001546300 0.0000000000 SOSS
60107.0910553366 1.0001519627 0.0000000000 SOSS
60107.0914368549 1.0002950014 0.0000000000 SOSS
60107.0918183733 0.9999041371 0.0000000000 SOSS
60107.0921998916 1.0001696304 0.0000000000 SOSS
60107.0925814099 1.0000082144 0.0000000000 SOSS
60107.0929629282 0.9999116485 0.0000000000 SOSS
60107.0933444465 1.0003765820 0.0000000000 SOSS
60107.0937259648 1.0001811695 0.0000000000 SOSS
60107.0941074831 1.0000527279 0.0000000000 SOSS
60107.0944890014 1.0002175540 0.0000000000 SOSS
60107.0948705197 1.0001035987 0.0000000000 SOSS
60107.0952520380 1.0002111582 0.0000000000 SOSS
60107.0956335563 1.0003006013 0.0000000000 SOSS
60107.0960150746 1.0002227296 0.0000000000 SOSS
60107.0963965929 1.0002905657 0.0000000000 SOSS
60107.0967781112 0.9998532469 0.0000000000 SOSS
60107.0971596295 0.9997748956 0.0000000000 SOSS
60107.0975411478 0.9999555135 0.0000000000 SOSS
60107.0979226661 1.0000281621 0.0000000000 SOSS
60107.0983041844 0.9998659791 0.0000000000 SOSS
60107.0986857027 0.9997935058 0.0000000000 SOSS
60107.0990672210 0.9999614449 0.0000000000 SOSS
60107.0994487393 1.0002346494 0.0000000000 SOSS
60107.0998302576 1.0001170463 0.0000000000 SOSS
60107.1002117759 1.0002041387 0.0000000000 SOSS
60107.1005932943 1.0002971828 0.0000000000 SOSS
60107.1009748126 0.9999590705 0.0000000000 SOSS
60107.1013563309 0.9999418257 0.0000000000 SOSS
60107.1017378492 1.0001437647 0.0000000000 SOSS
60107.1021193675 0.9999186890 0.0000000000 SOSS
60107.1025008858 1.0001349421 0.0000000000 SOSS
60107.1028824041 1.0000525897 0.0000000000 SOSS
60107.1032639224 1.0000847039 0.0000000000 SOSS
60107.1036454407 0.9998467278 0.0000000000 SOSS
